4769.47, 332.74, 4820.16
4871.70, 365.25, 5052.72
4740.67, 323.00, 4934.74
4511.29, 441.39, 4986.30
4358.73, 504.83, 5031.96
4193.44, 528.19, 5018.82
4334.85, 410.23, 4739.44
4622.15, 302.71, 4867.68
4289.04, 317.72, 4930.32
4329.95, 354.18, 5048.78
4742.49, 392.44, 4722.07
4582.75, 442.95, 5005.08
4590.26, 336.65, 4965.74
4725.77, 343.88, 4721.52
4940.12, 414.12, 4879.95
4557.48, 298.25, 4931.03
4195.91, 502.52, 4561.33
4231.00, 479.38, 4565.48
4563.43, 336.41, 4936.21
4236.27, 402.87, 4505.67
4335.43, 400.14, 4600.44
4379.86, 337.63, 4609.52
4291.93, 443.78, 4652.46
4324.61, 412.55, 4734.23
4403.96, 383.71, 4759.17
4370.00, 417.08, 4811.77
4380.59, 442.16, 4873.98
4170.01, 404.29, 4466.84
4209.32, 427.29, 4426.00
4211.30, 412.12, 4454.59
4111.21, 452.13, 4524.39
4426.93, 471.75, 4278.73
4419.26, 473.99, 4178.56
4358.94, 490.41, 4079.05
4395.58, 485.42, 4061.16
4348.17, 448.23, 4970.50
4336.30, 537.95, 4065.31
4189.17, 475.03, 4158.06
4276.76, 503.76, 4146.16
4488.12, 426.68, 4030.28
4468.43, 495.24, 3903.38
4519.25, 497.01, 3907.16
4557.87, 448.75, 3939.73
4420.93, 549.69, 3639.46
4346.39, 566.50, 3579.35
4360.73, 505.76, 5029.17
4267.59, 614.70, 3638.44
4295.83, 605.75, 3700.63
4275.61, 630.90, 3826.98
4420.73, 533.16, 3680.35
4463.87, 456.32, 5005.08
4334.07, 462.28, 4315.26
4291.72, 532.93, 5036.06
4450.89, 444.29, 4356.88
4499.01, 369.96, 4488.63
4601.39, 453.80, 4477.60
4500.16, 332.18, 4596.49
4441.52, 312.32, 4598.20
4415.63, 407.38, 4538.30
4448.17, 398.03, 4846.65
4332.26, 428.66, 4493.19
4614.36, 315.17, 4693.34
4630.71, 335.61, 4715.20
4318.79, 348.94, 5038.08
4612.24, 422.01, 4650.54
4607.43, 329.63, 4695.37
4737.79, 394.34, 4720.91
4714.11, 363.58, 4701.87
4812.06, 433.45, 4752.47
4760.96, 332.24, 4820.67
4934.72, 418.35, 4877.03
4494.83, 281.16, 4809.97
4887.91, 386.85, 4952.93
4511.39, 338.09, 4749.77
4274.50, 440.19, 4946.99
4470.41, 303.72, 4707.61
4295.68, 319.64, 4926.78
4671.53, 212.09, 4484.33
4703.38, 500.98, 4407.02
4095.83, 422.93, 4462.05
4764.47, 531.93, 4348.88
4951.54, 632.40, 4134.26
5066.69, 573.72, 4088.88
4734.58, 441.36, 3869.14
5122.09, 559.16, 4416.62
5117.17, 636.15, 4215.14
4609.30, 525.59, 3660.76
4410.02, 478.65, 4164.35
4442.59, 470.87, 4274.73
4844.44, 541.12, 4196.08
4880.10, 560.34, 4154.92
4874.72, 566.46, 4140.32
4882.40, 562.48, 4153.17
4882.36, 569.60, 4145.36
4451.49, 442.94, 4346.73
4504.72, 349.85, 4364.57
4480.92, 374.72, 4351.77
4250.42, 622.79, 3890.49
4156.47, 632.14, 3882.57
4367.53, 536.48, 4084.97
4402.27, 485.79, 4150.64
4359.52, 489.43, 4075.65
4618.05, 447.29, 4193.55
4311.29, 549.10, 3980.78
4639.43, 449.71, 3889.32
4303.83, 600.15, 3701.85
4362.34, 503.35, 4176.08
4413.19, 538.87, 3637.28
4418.26, 548.79, 3636.86
4432.07, 536.48, 3653.65
4309.87, 436.83, 3759.45
4296.49, 421.80, 3730.75
4363.29, 411.73, 3702.99
4538.58, 630.09, 3731.62
4676.88, 416.69, 3968.31
4699.02, 441.83, 4003.65
4771.31, 427.76, 3881.29
4806.09, 447.24, 3815.22
4880.49, 439.69, 3680.98
4660.40, 492.42, 3780.29
4617.93, 549.61, 3757.57
4683.06, 645.56, 3983.17
4717.52, 642.80, 3851.06
4730.24, 668.22, 3872.03
4726.20, 636.09, 3874.67
4636.95, 571.10, 3829.87
4774.38, 574.47, 3748.74
4772.97, 574.85, 3750.23
4775.52, 573.00, 3760.34
5022.67, 490.06, 3905.13
4932.82, 445.93, 3756.05
5014.76, 474.04, 3746.47
5021.59, 485.94, 3718.28
5020.48, 483.32, 3722.58
5011.10, 473.94, 3729.12
5013.46, 459.04, 3738.90
4890.10, 445.58, 4651.55
4886.31, 441.30, 4640.13
4925.62, 446.36, 4571.45
4924.40, 538.06, 4406.67
4929.54, 569.60, 4400.50
4383.66, 125.37, 4537.77
4506.77, -45.88, 4703.20
4564.20, 451.09, 3929.58
4399.77, 532.00, 3653.61
4428.19, 542.41, 3686.50
4401.76, 530.68, 3702.59
4301.45, 436.87, 3775.93
4372.75, 514.03, 4126.54
4629.61, 526.16, 3660.18
4621.01, 541.15, 3634.59
4727.36, 476.28, 3557.34
4568.87, 392.66, 4055.51
4552.51, 389.43, 4064.17
4494.42, 425.66, 4038.79
4609.77, 433.59, 4102.76
4736.46, 429.76, 3930.21
4840.18, 440.07, 3695.11
4856.00, 442.42, 3733.66
4753.60, 464.82, 3693.14
4681.12, 678.40, 3978.62
4698.06, 672.04, 3902.12
4751.21, 670.22, 3887.50
4738.59, 666.97, 3884.58
4260.61, 451.21, 4280.14
4723.91, 664.86, 3925.29
4649.13, 579.35, 3833.27
4763.95, 574.31, 3755.90
4815.89, 540.25, 3994.98
4849.76, 448.80, 4528.99
4408.44, 467.33, 4374.53
5081.77, 494.11, 4560.60
4902.00, 497.47, 4471.38
4928.78, 538.06, 4394.81
4923.33, 546.28, 4396.67
4888.75, 576.34, 4365.07
4849.05, 550.86, 4234.95
4464.98, 7.21, 4569.23
4389.86, 6.62, 4635.28
5048.13, 435.51, 3769.07
