-340.06, 158.34, 6074.12
-82.05, 263.23, 6036.47
141.15, 260.96, 6127.79
366.30, 233.37, 6188.53
393.63, 337.16, 6237.04
264.68, 319.71, 6374.63
339.45, 293.27, 6444.58
546.06, 310.06, 6355.84
487.82, 216.95, 6453.26
206.53, 259.47, 6751.44
362.28, 358.79, 6897.23
559.85, 398.42, 6916.58
617.83, 404.95, 6611.14
625.68, 383.53, 6534.43
1131.63, 212.81, 6496.28
561.04, 351.18, 6072.23
638.36, 347.09, 5864.32
486.79, 378.73, 5790.74
423.51, 323.11, 5780.17
493.62, 423.41, 5933.52
644.32, 339.19, 5583.07
783.24, 335.76, 5512.41
889.93, 288.27, 5566.50
836.63, 326.10, 5797.47
908.19, 362.72, 5853.34
940.89, 432.62, 5904.63
1036.15, 465.47, 6029.98
677.29, 199.82, 6676.78
764.13, 221.08, 6504.12
770.25, 248.00, 6154.85
894.18, 129.79, 6474.73
1086.09, 124.71, 6526.47
455.38, 115.02, 6435.61
552.98, 148.53, 6275.68
400.55, 148.55, 6280.06
465.14, 98.72, 6331.11
764.13, 221.08, 6504.12
449.00, 246.15, 2233.67
406.78, 263.58, 2374.47
338.00, 287.04, 2273.26
208.42, 264.00, 2224.49
164.20, 428.40, 2135.30
40.48, 468.46, 2058.96
-198.52, 307.35, 2129.06
38.01, 261.56, 2250.44
151.86, 253.09, 2392.32
95.03, 245.44, 2654.97
-300.42, 166.16, 2514.10
-86.96, 279.93, 2333.20
-748.39, 156.59, 2282.94
-795.33, 167.71, 2375.94
-819.89, 228.12, 2497.66
-1096.00, 282.49, 2024.85
-1287.22, 344.01, 1994.73
-1728.95, 221.05, 2095.53
-1488.10, 359.21, 2048.20
-1494.72, 241.76, 2358.24
-1566.62, 532.66, 2154.80
-1860.34, 234.78, 2342.50
-1952.18, 214.06, 2881.84
-1707.16, 203.65, 2609.26
-1703.24, 236.87, 2720.34
-1636.86, 202.92, 2546.95
-1370.29, 307.46, 2184.49
-717.35, 207.16, 2741.12
-1101.00, 158.10, 2196.00
-1357.41, 163.22, 2368.74
-1559.35, 222.00, 2436.28
-1480.09, 234.67, 2571.40
-1470.37, 215.64, 2467.91
-1219.69, 347.18, 2452.80
-1074.96, 220.03, 2312.76
-1018.61, 247.71, 2515.74
-856.55, 214.88, 2594.87
-1194.61, 216.52, 2589.78
-1227.82, 266.74, 2675.33
-1647.98, 239.01, 2876.75
-1328.66, 294.63, 2866.86
-636.91, 207.93, 2726.96
-108.25, 248.66, 2711.84
85.99, 224.71, 2990.10
-821.33, 217.87, 2957.00
-71.39, 197.44, 2812.28
-410.94, 256.04, 2958.45
-48.65, 186.92, 2866.42
-369.48, 446.69, 2941.97
-17.15, 375.98, 2991.15
-635.62, 246.29, 3001.68
-80.64, 312.71, 3184.73
-221.26, 261.06, 3142.27
-1075.72, 184.44, 2926.96
-1739.21, 187.37, 3003.67
-1715.69, 297.26, 3135.69
-1153.51, 233.67, 2954.31
-1292.28, 194.77, 3058.64
-643.26, 265.53, 3104.32
-1907.59, 241.24, 3362.94
-1738.32, 113.25, 3255.39
-1589.29, 140.60, 3346.54
-1783.71, 107.54, 3265.32
-1637.58, 225.40, 3336.81
-1536.05, 200.86, 3245.39
-1372.44, 206.13, 3248.46
-912.95, 111.60, 3141.22
-1447.90, 156.96, 3293.87
-275.70, 198.37, 3268.11
-12.75, 247.37, 3437.83
-341.44, 220.92, 3492.96
-167.06, 238.97, 3905.97
-207.19, 213.16, 3663.33
-253.73, 255.72, 3398.62
-406.85, 210.21, 3567.94
-141.59, 278.86, 3522.58
-361.17, 220.33, 3339.97
-485.45, 167.19, 3322.41
-305.54, 240.65, 3946.42
-692.57, 281.35, 3689.21
-765.31, 162.33, 3378.84
-1009.19, 303.36, 3813.95
-1101.80, 215.36, 3643.71
-943.04, 203.61, 3706.41
-1108.57, 177.47, 3702.71
-1302.30, 199.59, 3564.98
-2015.72, 515.53, 3599.45
-1774.80, 368.43, 3718.28
-1814.20, 157.52, 3487.96
-1901.50, 331.04, 3744.50
-1417.24, 242.53, 3685.23
-1227.52, 299.06, 3986.49
-1795.78, 185.72, 3619.76
-819.81, 141.21, 3377.66
-696.71, 243.92, 3531.12
-642.58, 208.92, 4087.72
-1312.82, 313.99, 2108.41
-1239.73, 268.28, 2210.85
-1130.44, 260.35, 2524.46
-1946.23, 224.62, 3296.12
-1839.42, 360.46, 3532.97
-1654.30, 197.25, 3462.86
-1280.96, 192.18, 3287.37
-1429.89, 264.97, 3839.74
-614.19, 144.76, 4007.00
-435.99, 217.25, 3768.87
-930.53, 317.40, 3296.67
-957.78, 211.74, 3784.76
-1517.52, 233.58, 3107.05
552.88, 97.86, 2530.02
-1763.66, 5.99, 5539.63
-1482.25, 100.71, 5031.71
-1201.59, 105.64, 5145.61
-1207.89, 52.37, 5276.01
-1176.03, -1.77, 5388.58
-1107.72, -1.57, 5407.85
-1215.10, -15.64, 5474.45
-999.64, 99.88, 5655.46
-922.49, -244.01, 5996.11
-815.06, -237.18, 5862.64
-834.44, -22.19, 5785.16
-1852.10, 19.23, 5714.23
-624.68, 61.59, 5740.76
-508.57, 83.91, 5663.54
-406.43, 134.70, 5811.09
-214.65, 153.69, 5533.22
-431.82, 167.14, 5563.32
-422.05, -15.44, 5562.58
-342.99, -184.76, 5445.79
-261.16, 151.81, 5267.32
-403.37, 293.38, 5334.22
-507.15, 247.38, 5405.72
-1713.61, -1.06, 5826.87
-580.86, 202.08, 5425.64
-193.44, 86.28, 5140.69
-249.30, 236.47, 5116.28
-188.61, 139.49, 5037.80
-399.79, 254.66, 5162.82
-150.65, 40.72, 4777.85
-253.96, 4.39, 4653.04
-234.57, 134.45, 4531.21
-108.20, 260.08, 4334.58
-373.67, 229.64, 4288.03
-1494.78, 8.69, 5483.43
-457.52, 71.02, 4473.29
-489.00, 130.48, 4600.91
-543.71, 228.11, 4844.93
-733.45, -66.09, 4428.55
-800.50, 6.62, 4469.98
-1014.05, 37.20, 4561.58
-1062.04, 169.11, 4927.51
-994.65, 28.38, 4907.36
-830.91, 194.01, 4919.04
-813.40, 243.12, 4975.48
-1414.24, -19.87, 5441.35
-766.17, -44.95, 4899.96
-598.94, 264.12, 5192.69
-690.62, -845.48, 5240.12
-889.08, -849.61, 5197.84
-855.71, -849.61, 5348.40
-1034.32, 154.35, 5071.63
-1404.69, 2.53, 5370.78
-1396.59, -11.76, 5603.79
-1275.57, 3.97, 5715.14
-1226.30, 51.33, 5808.37
-1560.57, 239.99, 4154.58
-1497.02, 263.16, 4403.89
-1485.39, 31.36, 4412.07
-1430.01, 117.90, 4768.01
-1419.10, 23.32, 4753.13
-1635.39, 32.11, 4527.68
-1936.44, 276.41, 4225.15
-2058.80, 266.87, 4304.38
-2410.42, 219.15, 4088.42
-2450.67, 262.40, 4185.66
-2394.15, 78.80, 4258.73
-3007.88, 14.89, 4250.09
-3327.03, 231.18, 4583.75
-2957.28, 323.75, 4760.53
-2716.80, 242.51, 4647.83
-2740.22, 186.53, 4959.08
-2992.77, 221.23, 5541.13
-2829.77, 98.90, 5803.43
-2637.16, 8.32, 5680.26
-2673.63, 218.59, 5945.35
-2042.37, 186.78, 5134.14
-1852.64, 168.11, 5581.73
-1940.45, 150.50, 5927.24
-2107.58, 190.70, 5972.33
-2099.71, -22.10, 5815.26
-2156.49, 190.76, 5747.90
-2365.15, -41.13, 5910.75
-2192.25, 17.00, 5568.62
-2150.15, -17.15, 5557.81
-2301.54, 142.51, 5004.42
-2380.19, 24.14, 5304.00
-2380.23, 67.21, 5377.96
-2308.14, 201.05, 5513.42
-2390.51, 200.53, 5513.90
-1424.14, 15.24, 4707.10
-1839.67, 368.10, 4222.62
-2010.93, 316.69, 4114.33
-2036.92, 88.46, 4557.41
-2292.73, 275.10, 3943.30
-2414.12, 67.22, 4269.23
-2386.20, 76.98, 4297.23
-2317.44, 76.05, 4323.39
-2327.58, 69.62, 4445.80
-2376.03, 187.10, 4540.22
-2335.27, 134.05, 4669.50
-2722.37, 311.59, 4186.65
-3130.52, 30.02, 4302.45
-3327.49, 228.48, 4551.27
-3322.93, 266.34, 4616.82
-3248.82, 373.90, 4719.70
-3002.43, 282.75, 4909.36
-2836.42, 29.59, 4524.11
-2694.46, 286.94, 4752.04
-2787.60, 223.49, 5278.35
-2753.86, -29.62, 5359.70
-2992.28, 218.33, 5293.00
-2582.90, 35.68, 5882.76
-1826.23, 138.97, 4881.54
-1922.02, 136.21, 5305.23
-1972.96, 184.88, 5441.44
-2324.42, 188.19, 5780.60
-2386.02, 206.62, 5770.98
-2319.14, 45.62, 5748.09
-2351.27, 153.13, 5101.48
-2422.31, 134.43, 5269.15
-2315.67, 170.52, 5309.78
-2495.23, 44.70, 5298.01
-2226.91, 99.84, 5258.83
-2305.03, 51.98, 5568.65
-2348.92, 336.93, 5529.52
