3513.43, 643.88, 3404.74
4092.52, 461.02, 4533.28
4214.08, 498.52, 4535.83
4178.03, 565.71, 4584.50
4301.72, 480.85, 4350.29
4346.77, 544.65, 4249.42
4418.27, 472.07, 4279.49
4452.07, 480.19, 4096.46
4488.74, 562.82, 4004.91
4311.15, 518.53, 4140.91
4206.48, 626.76, 3920.92
4243.98, 541.56, 3966.90
4196.65, 510.89, 4146.93
4369.82, 554.99, 3944.60
4354.79, 588.08, 3803.57
4249.19, 588.95, 3540.10
4393.20, 476.89, 3633.91
4396.45, 449.85, 3719.39
4438.81, 542.69, 3754.06
4615.88, 527.18, 3641.44
4635.81, 535.93, 3879.41
4592.61, 487.97, 3865.15
4719.34, 669.00, 3877.21
4716.74, 728.65, 3841.42
4730.98, 634.84, 3742.10
4684.11, 420.24, 4022.41
4551.85, 410.92, 4051.21
4545.95, 419.60, 4191.20
4614.91, 451.57, 4100.51
4860.24, 479.27, 3962.59
4810.91, 603.93, 4025.00
5044.08, 579.68, 4015.35
4753.08, 545.07, 4281.25
4786.68, 528.63, 4233.77
4802.66, 527.67, 4148.45
4844.03, 606.12, 4196.44
4875.66, 567.16, 4145.91
4711.20, 547.02, 4431.28
4927.82, 625.80, 4400.47
5165.26, 592.97, 4376.32
5003.03, 764.80, 4218.00
4541.04, 444.09, 4426.19
4501.46, 388.98, 4385.39
4365.44, 388.23, 4573.18
4396.02, 445.73, 4770.21
4322.27, 382.15, 4892.96
4359.86, 453.05, 4929.75
4230.63, 541.05, 5036.95
4414.82, 496.40, 5049.43
4507.39, 478.39, 5046.90
4648.71, 611.98, 5133.33
4595.72, 433.90, 4942.19
4391.19, 364.93, 5086.98
4583.79, 423.69, 4774.73
4555.67, 294.25, 4781.22
4933.51, 489.28, 4739.01
4966.95, 471.12, 4965.30
4816.76, 365.21, 5032.21
4802.66, 317.79, 4991.76
4729.19, 164.89, 4714.24
4712.58, 132.13, 4636.98
4695.95, 189.66, 4570.49
4844.46, 252.28, 4443.05
4392.97, 167.78, 4417.61
4250.78, 113.20, 4389.55
4934.05, 385.95, 4417.03
2665.37, 576.69, 3424.12
2573.17, 433.69, 3447.86
2742.20, 445.95, 3450.82
2687.68, 445.50, 3267.54
2951.46, 491.53, 3182.15
3044.09, 391.80, 3143.98
2840.15, 571.50, 3328.63
2791.40, 317.85, 3554.01
2887.32, 415.10, 3337.91
2888.03, 363.10, 3337.63
2601.43, 268.65, 3560.51
2541.85, 370.66, 3549.90
2425.75, 352.41, 3597.54
2626.93, 698.07, 3656.11
2630.08, 335.57, 3767.59
2619.70, 425.87, 3829.70
2516.94, 484.22, 3258.18
2424.43, 464.52, 3171.51
2839.70, 504.25, 3948.51
2994.54, 472.67, 3789.61
2517.35, 496.26, 3848.05
2441.02, 446.99, 3863.49
2381.66, 396.42, 3997.04
2921.79, 427.07, 3568.65
2999.52, 336.67, 3684.53
3012.94, 442.16, 3591.60
3139.12, 296.08, 3707.35
3101.12, 318.32, 3705.85
3174.22, 452.39, 2914.75
3207.35, 466.65, 2766.50
3504.99, 442.40, 2927.66
3419.68, 480.05, 2896.72
3365.22, 381.91, 2994.48
3375.87, 375.07, 3042.59
3374.38, 500.38, 3128.69
3350.23, 442.77, 3214.47
3259.79, 446.63, 3069.00
3207.85, 463.64, 3232.83
3665.81, 565.61, 3063.26
3853.93, 505.45, 2978.91
3945.71, 496.69, 3081.16
3684.98, 507.18, 2931.23
3608.10, 458.47, 2924.95
3820.42, 481.80, 2723.55
3826.32, 482.22, 3005.23
3599.98, 579.94, 3165.81
3626.80, 503.20, 3319.96
3570.99, 466.47, 3286.21
3513.43, 643.88, 3404.74
3352.15, 473.42, 3500.84
3238.54, 476.94, 3540.56
3679.03, 375.18, 3531.33
3830.62, 580.96, 3393.16
3815.08, 517.63, 3657.71
3807.93, 492.32, 3591.22
4187.22, 659.72, 3735.71
4073.12, 647.88, 3795.03
4003.82, 595.15, 3600.97
3989.30, 549.99, 3439.65
4001.89, 590.22, 3285.79
4033.32, 541.59, 3364.65
4202.21, 557.72, 3318.86
3807.57, 481.78, 3177.64
4026.18, 435.77, 3191.41
3781.51, 405.90, 3356.70
3790.00, 444.44, 2972.35
1727.48, 485.70, 4970.95
2544.19, 487.09, 4175.88
1561.57, 292.08, 5092.09
1871.14, 519.61, 4783.93
2165.92, 451.30, 4488.61
2129.98, 447.92, 4366.18
2177.01, 443.39, 4282.57
2250.51, 365.27, 4439.73
2374.05, 499.47, 4358.80
2432.08, 486.05, 4279.79
2471.82, 626.36, 4077.68
2715.38, 470.36, 4291.68
2746.85, 341.10, 4220.37
2851.43, 413.91, 4185.90
2904.09, 452.29, 4192.05
2813.95, 499.56, 4114.71
2333.07, 575.84, 4854.08
2284.07, 510.73, 4760.69
2411.23, 190.08, 4954.92
2427.43, 247.70, 4980.31
2668.24, 228.81, 4989.92
2708.61, 389.07, 4810.25
2736.86, 698.30, 4940.14
2649.96, 501.15, 4954.87
2670.47, 566.74, 5083.98
2571.89, 457.12, 5244.02
2509.66, 442.65, 4731.88
2533.73, 442.09, 4762.36
2435.98, 452.16, 4545.49
2491.44, 264.74, 4613.30
2591.49, 504.11, 4661.69
2819.57, 597.71, 4923.06
2921.13, 575.84, 4917.39
2805.37, 554.16, 4717.16
2549.80, 427.09, 4510.82
2486.46, 358.80, 4536.41
2587.79, 272.68, 4494.87
2711.14, 412.80, 4572.46
2744.53, 400.08, 4462.04
2841.46, 364.83, 4480.21
2840.67, 429.01, 4323.35
2935.85, 432.18, 4584.36
3044.31, 435.48, 4779.18
3139.64, 359.16, 4388.86
3031.79, 394.28, 4420.02
3154.17, 245.53, 4261.68
3132.68, 234.12, 4203.27
3212.35, 254.96, 4177.02
3314.59, 247.27, 4149.75
3203.50, 342.12, 4134.83
3032.66, 418.73, 4054.07
3285.90, 409.23, 3880.65
3389.60, 375.80, 4057.65
3481.03, 404.86, 4067.25
3534.17, 390.80, 4241.70
3948.20, 356.70, 4359.42
3516.51, 333.78, 4970.07
3689.86, 289.83, 5013.48
3672.81, 342.06, 5013.11
3749.84, 284.83, 4930.93
3644.07, 529.09, 5002.65
3770.71, 565.09, 4999.77
3932.45, 583.06, 5032.34
4001.05, 557.65, 4914.08
3999.79, 514.69, 4843.02
4095.89, 507.02, 4684.29
3831.82, 552.95, 4649.22
3644.87, 628.06, 4653.42
3722.61, 488.62, 4512.39
3633.08, 464.80, 4403.01
3504.49, 574.14, 4517.09
3085.23, 450.88, 4861.72
3144.54, 450.88, 4655.73
3073.23, 442.78, 4451.54
3273.25, 523.54, 4294.69
3343.36, 467.18, 4361.39
3187.27, 618.87, 4147.49
3157.15, 447.84, 4088.65
3388.07, 462.45, 4056.26
3322.27, 551.53, 3818.19
3356.90, 439.20, 3780.84
3745.59, 481.22, 3684.34
3726.91, 509.97, 3788.38
3971.73, 557.33, 4268.10
2393.71, 599.79, 4920.74
