1993.03, 212.17, -874.92
2679.14, 197.37, -1637.60
2196.76, 214.80, -1122.87
2276.90, 220.92, -876.80
2297.61, 264.82, -1509.61
1975.54, 236.90, -1532.05
1439.30, 329.54, -2003.48
1460.26, 258.50, -1437.28
1789.61, 236.25, -913.68
2650.85, 300.68, 117.28
2375.09, 227.30, 34.42
2785.03, 216.51, -89.12
2920.27, 209.42, 267.70
2579.64, 207.23, 341.56
2293.45, 254.99, -385.16
2177.99, 213.56, -525.01
2722.08, 252.34, -1272.22
2832.13, 265.45, -1628.19
1863.23, 204.00, -204.67
2581.57, 267.03, -436.13
1569.03, 227.66, 202.48
1188.19, 261.00, 1113.30
584.22, 214.10, 894.09
877.63, 265.08, 329.03
541.90, 206.56, 338.41
225.29, 232.75, 486.22
-65.41, 233.77, 1264.78
621.62, 186.72, 1183.66
714.12, 427.37, 1797.18
1044.10, 392.18, 1603.24
-90.47, 203.52, -666.03
966.74, 260.09, -187.65
-115.97, 278.87, 25.65
388.93, 234.88, 1664.19
1027.54, 268.73, 1446.17
515.04, 361.31, 1391.30
1528.89, 210.52, 841.21
1789.78, 231.56, 798.40
-769.98, 224.96, 712.95
-989.62, 256.01, 1122.40
-560.70, 226.02, 1035.44
657.95, 204.62, -56.38
1182.23, 203.45, -160.75
1062.30, 204.91, 725.51
2260.30, 273.05, -748.10
-507.66, 229.05, 372.09
-666.44, 220.68, 269.43
831.19, 475.16, 1434.52
1561.59, 227.79, 1273.40
1767.31, 255.67, 543.93
-244.58, 265.50, 292.74
-623.18, 365.85, 525.22
1446.15, 252.13, 481.08
440.44, 200.32, -477.68
-585.41, 312.43, 828.13
-280.95, 369.56, 608.63
136.51, 271.43, 53.99
1668.38, 200.96, 291.84
242.86, 237.73, 835.56
945.59, 280.43, 1043.61
140.34, 215.66, 1150.30
923.56, 380.24, -705.87
1269.82, 380.91, -845.34
857.67, 293.38, -1008.36
1595.97, 288.46, -1134.05
1160.49, 270.37, -409.37
1459.18, 267.99, -576.49
1335.18, 297.34, -1011.57
1026.51, 343.73, -1014.11
858.57, 325.89, -488.27
1236.76, 293.83, -556.02
826.78, 199.43, -1336.74
1038.44, 472.51, -796.76
-2531.41, 201.96, -3635.27
-3050.90, 247.05, -4401.00
-2502.13, 443.59, -4379.56
-2400.41, 286.56, -4221.97
-2581.05, 273.80, -4584.46
-3314.51, 231.99, -3438.11
-3159.99, 209.58, -3233.90
-3555.05, 237.00, -3397.83
-3890.43, 363.59, -3156.57
-3654.50, 273.56, -3292.86
-3541.69, 200.67, -2539.62
-4129.28, 200.77, -2397.94
-3621.78, 234.15, -3021.14
-3571.78, 216.11, -1963.28
-3486.23, 214.90, -2197.62
-3923.12, 345.02, -2403.87
-3410.26, 200.20, -2741.48
-2753.90, 205.46, -4123.43
-2801.72, 223.38, -4431.00
-1770.27, 226.21, -4123.87
-3004.97, 207.87, -4222.30
-2148.06, 170.49, -4353.61
-2659.15, 206.54, -4041.45
-3219.30, 265.44, -4495.73
-3752.88, 206.06, -3478.34
-3948.81, 204.57, -1059.33
-4003.46, 212.23, -757.91
-3561.17, 201.31, -766.91
-3796.88, 164.33, -762.94
-4247.70, 203.43, -4190.80
-4689.22, 215.32, -3700.73
-4282.73, 201.26, -3680.19
-4394.96, 248.38, -3892.17
-4388.31, 249.24, -4190.52
-4286.26, 217.97, -4445.93
-4577.34, 200.41, -4478.68
-2549.96, 213.17, -3809.13
-3772.82, 207.27, -1317.18
-4570.69, 417.87, -4168.14
-4793.35, 512.62, -4253.45
-6273.14, 204.67, -3104.71
-6044.44, 206.84, -2808.66
-6214.69, 245.30, -2612.48
-6003.20, 282.52, -2551.41
-6501.50, 249.90, -2611.68
-6288.73, 240.09, -2841.04
-6693.70, 226.84, -2600.23
-726.87, 209.70, 1466.16
-582.73, 140.80, 1705.40
-763.40, 143.63, 1913.95
-868.12, 127.04, 1759.00
-286.54, 294.08, 1658.94
-619.22, 145.73, 3676.19
-567.98, 38.59, 3841.33
-374.79, 343.60, 2876.16
17.02, 308.85, 2803.29
7.02, 225.89, 2478.24
148.38, 330.33, 2403.13
-161.67, 96.46, 3932.56
-913.33, 389.73, 3198.57
-506.48, 260.42, 3705.74
-194.59, 255.66, 3241.53
-611.73, 120.58, 3481.76
-994.48, 371.87, 4004.58
-1802.73, 1.84, 3310.39
-1421.69, 347.42, 3646.83
-1997.48, 474.21, 3552.87
-1461.64, 251.38, 3431.63
-1573.11, 187.51, 3472.19
-1223.00, 318.73, 2794.02
-1019.71, 202.26, 2625.19
-1791.12, 301.51, 2798.02
-1943.41, 204.80, 2684.24
-1901.23, 245.04, 2581.37
-1210.82, 184.73, 2275.14
-1603.37, 272.43, 2283.27
-1489.25, 152.41, 2508.89
-1687.33, 455.16, 2238.71
-2170.04, 285.68, 4076.34
-2472.26, 337.65, 4039.10
-2352.28, 108.34, 4691.33
-2463.26, 247.03, 4450.61
-1795.47, 128.34, 5043.24
-1441.30, 90.26, 4776.70
-1869.98, 384.78, 4401.53
-2345.17, 97.98, 5168.29
-2777.93, 159.87, 5142.52
-2619.04, 44.91, 5549.70
-2451.24, -24.67, 5642.83
-2053.66, -4.84, 5535.08
-2457.36, 58.82, 5383.94
-2854.13, 200.22, 5712.48
-2127.98, 171.70, 5978.85
-2338.41, 179.14, 5389.49
-2736.26, 296.06, 4812.61
-2725.69, 68.54, 4384.67
-2982.70, 138.50, 4635.28
-2093.64, 54.97, 4373.80
-417.91, 273.05, 2689.81
-738.24, -136.19, 3810.32
-626.02, 206.45, 2457.28
113.35, 287.83, 2070.44
-435.09, 286.24, 2215.31
-766.27, 227.07, 2698.72
-480.89, 223.27, 2790.05
-1658.30, 261.24, 3860.55
-355.70, 218.35, 3102.57
-792.76, 239.81, 3587.23
-717.55, 269.37, 3073.29
-138.90, 243.60, 2545.70
350.10, 317.90, 2413.70
-1082.70, 288.00, 3126.79
-557.71, 217.71, 2645.95
-284.63, 242.30, 2870.89
-331.03, 205.10, 3293.27
-2025.00, 299.91, 4092.86
-1462.06, 7.73, 5410.19
-1185.38, 31.40, 5506.07
-1303.04, 15.13, 5761.99
-1077.48, 75.92, 4579.45
-1001.09, 106.92, 4764.08
-491.30, 263.21, 5198.57
-654.47, 104.82, 4588.32
-294.90, 221.43, 4356.57
-1336.94, 56.83, 5197.15
-256.84, -23.36, 4690.86
-708.61, 98.05, 5698.41
-211.50, 80.62, 5205.52
-404.55, 209.47, 5558.80
-585.18, 237.44, 5011.60
-754.30, -338.94, 5416.89
-241.83, 363.21, 4045.92
-2664.24, 6.07, 5748.32
-1732.79, 272.16, 3133.74
103.02, 156.07, 2925.72
-802.37, -135.22, 4932.57
-504.90, -52.13, 5496.03
-738.85, -235.01, 6007.95
-783.08, 162.54, 2018.79
-2717.18, 276.67, 4210.87
-2579.59, 205.95, 4795.17
-1666.30, 297.29, 4282.86
-3186.64, 325.31, 4797.36
