917.35, 904.81, 552.54
1066.10, 854.15, 573.26
1011.37, 762.57, 460.38
992.66, 771.61, 365.77
853.94, 724.18, 153.96
907.58, 722.69, 156.72
902.54, 718.06, 179.15
828.01, 722.50, 314.06
749.78, 768.46, 362.88
759.22, 760.52, 261.33
711.92, 775.28, 118.27
699.73, 710.10, 393.19
694.24, 767.00, 355.25
820.38, 707.61, 489.12
866.49, 742.90, 458.39
927.29, 847.71, 609.71
850.27, 800.40, 646.36
770.51, 800.87, 603.70
750.79, 791.08, 667.97
815.35, 791.83, 605.67
756.41, 407.92, 713.72
827.13, 969.19, 752.42
656.13, 381.50, 733.32
614.75, 377.68, 745.00
461.51, 180.93, 746.89
80.88, 314.20, 360.11
137.53, 240.41, 402.34
176.87, 320.14, 307.17
230.23, 230.91, 351.90
255.18, 305.34, 391.89
335.08, 402.07, 565.38
342.10, 411.53, 490.62
455.31, 391.90, 465.30
519.61, 386.29, 530.77
578.53, 392.86, 576.26
471.85, 388.44, 574.55
413.98, 410.84, 588.53
1151.14, 741.89, 413.35
996.19, 919.23, 518.72
1067.05, 1014.00, 836.40
969.62, 731.41, 220.20
273.14, 304.92, 398.48
465.08, 407.59, 423.29
59.20, 312.51, 407.75
187.54, 231.17, 395.60
918.89, 1023.64, 853.35
727.63, 732.93, 177.44
1008.02, 737.39, 437.73
1059.69, 845.48, 552.32
962.68, 1080.62, 835.02
995.33, 1015.13, 868.34
1004.45, 909.88, 641.27
1022.97, 843.23, 498.60
1003.31, 748.33, 257.65
764.59, 707.03, 218.46
834.84, 934.46, 940.97
919.31, 991.69, 641.13
577.74, 392.09, 575.01
214.60, 302.46, 436.55
511.07, 377.18, 694.12
358.28, 660.84, 478.85
1003.51, 899.62, 769.18
387.95, 388.66, 659.89
343.57, 177.53, 840.28
185.24, 146.13, 764.06
106.26, 144.65, 670.04
698.47, 707.96, 387.46
1103.17, 713.77, 451.07
904.73, 752.17, 315.98
711.81, 725.28, 255.03
1049.88, 932.32, 685.60
463.03, 180.07, 747.54
724.97, 401.02, 570.74
696.03, 386.05, 664.11
973.42, 1078.07, 847.33
919.57, 1094.52, 958.91
1100.25, 963.10, 667.53
998.25, 914.43, 519.37
947.47, 845.39, 548.88
996.58, 796.48, 341.53
699.72, 760.47, 386.68
83.55, 312.42, 367.14
690.25, 389.45, 756.79
440.22, 43.00, 1290.46
1081.04, 918.47, 554.52
816.70, 708.48, 280.66
1169.95, 967.84, 515.55
1156.70, 962.43, 555.03
1116.99, 961.23, 521.97
684.38, 935.82, 1084.72
880.36, 710.08, 197.96
988.85, 839.00, 587.81
136.83, 306.41, 315.46
748.68, 768.36, 371.80
942.03, 717.96, 305.45
921.70, 972.85, 559.48
1094.67, 945.68, 491.19
1092.75, 937.89, 523.92
1067.69, 853.37, 570.84
1030.13, 738.05, 422.92
1008.33, 761.45, 456.62
988.08, 770.11, 372.33
832.13, 721.48, 313.21
763.33, 759.24, 254.79
864.84, 741.67, 459.54
985.13, 945.94, 541.66
714.28, 791.39, 590.64
444.27, 402.00, 591.65
55.59, 313.07, 382.67
222.47, 230.17, 350.68
716.99, 395.18, 662.49
613.56, 376.73, 744.55
978.13, 747.80, 326.51
646.63, 397.02, 758.88
161.16, 268.00, 505.46
1052.06, 746.23, 249.56
821.79, 968.71, 750.89
985.84, 912.02, 542.59
347.91, 474.69, 506.91
918.15, 903.54, 557.57
951.73, 1026.97, 946.31
973.56, 1016.32, 875.96
906.64, 725.12, 340.83
954.96, 901.52, 657.67
929.93, 846.81, 608.19
996.23, 799.76, 358.73
1081.85, 735.63, 302.68
906.18, 722.23, 151.95
901.85, 717.00, 174.73
847.54, 712.34, 276.58
763.09, 759.71, 323.00
706.95, 759.16, 172.32
692.09, 766.12, 357.41
922.82, 1016.13, 984.87
765.59, 710.57, 486.05
893.83, 823.67, 555.49
538.34, 707.28, 296.97
754.65, 965.04, 869.54
799.93, 956.72, 1049.25
920.40, 1016.71, 1000.19
469.90, 387.75, 574.92
451.32, 390.10, 471.21
515.73, 384.82, 531.94
440.48, 380.99, 540.39
1037.18, 1086.98, 940.96
590.04, 394.44, 573.50
530.67, 413.35, 463.75
226.33, 299.49, 422.23
669.23, 407.97, 746.23
116.93, 306.62, 330.65
133.45, 240.15, 401.99
786.16, 417.33, 673.16
758.94, 406.88, 711.50
661.33, 381.12, 735.67
457.69, 294.70, 691.13
1009.81, 792.69, 385.01
328.54, 182.63, 791.48
200.61, 148.51, 727.75
455.44, 87.20, 1149.39
412.89, 658.04, 345.50
988.01, 1021.14, 925.96
1075.11, 917.35, 523.07
878.75, 732.64, 310.18
659.96, 939.49, 1031.38
334.60, 401.33, 564.71
392.87, 656.66, 463.65
848.50, 798.91, 649.65
287.68, 444.91, 600.79
61.41, 319.25, 344.90
782.05, 791.15, 661.45
1137.16, 957.45, 468.00
1037.88, 1014.20, 836.35
1013.62, 988.08, 689.43
334.67, 475.46, 508.83
764.86, 609.06, 708.95
456.62, 424.33, 526.38
176.70, 319.31, 305.87
624.83, 402.42, 654.70
443.09, 192.09, 703.23
332.96, 160.27, 739.74
822.46, 705.95, 480.27
815.73, 790.93, 607.26
294.27, 172.99, 813.88
377.82, 164.74, 1091.41
1130.81, 738.15, 289.26
850.60, 723.90, 161.76
339.75, 410.74, 492.53
973.83, 1079.04, 847.63
961.88, 1081.41, 837.00
920.01, 1024.46, 853.37
954.05, 1027.85, 943.90
1064.78, 1017.59, 960.13
1065.58, 1014.26, 835.19
1097.14, 963.80, 667.37
1102.65, 714.61, 448.76
58.89, 313.47, 405.84
85.27, 312.86, 391.26
62.58, 319.69, 345.26
134.88, 307.40, 314.91
215.66, 303.04, 433.90
361.16, 98.21, 1356.39
440.20, 44.88, 1290.52
341.76, 178.16, 838.89
333.81, 160.66, 737.24
185.27, 147.98, 764.11
457.72, 296.60, 691.17
948.40, 846.56, 546.56
1060.12, 846.37, 553.59
1023.81, 844.16, 499.87
998.47, 915.80, 520.04
1024.74, 933.08, 672.12
1005.01, 910.80, 644.40
987.49, 913.01, 545.72
1075.15, 919.20, 523.09
1009.88, 794.51, 385.13
922.86, 1018.00, 985.12
947.12, 902.72, 656.95
967.81, 861.73, 668.47
1117.35, 961.73, 523.76
1155.26, 963.16, 554.67
1168.78, 968.55, 517.19
1149.78, 742.82, 414.00
1049.79, 747.00, 246.78
966.74, 733.14, 217.49
943.95, 718.81, 305.50
1008.04, 739.26, 437.74
976.12, 748.42, 325.71
876.83, 733.53, 309.94
700.30, 761.52, 387.93
714.14, 792.21, 591.30
159.66, 268.57, 506.02
186.33, 231.54, 394.69
456.76, 425.22, 524.27
448.12, 410.10, 607.91
530.66, 414.84, 463.70
361.47, 474.19, 517.03
509.17, 475.17, 542.16
362.09, 97.55, 1357.47
138.90, 172.66, 712.90
696.64, 706.96, 301.10
345.95, 474.83, 525.58
1047.91, 746.04, 246.89
78.56, 323.37, 390.06
1063.19, 1015.71, 959.10
967.78, 859.80, 668.45
698.53, 397.06, 738.21
283.15, 158.27, 759.55
747.09, 791.41, 678.35
1022.72, 932.29, 674.95
87.25, 311.97, 391.55
993.68, 1015.59, 869.60
985.88, 1022.04, 924.92
1036.59, 1088.05, 940.67
699.83, 398.15, 738.53
692.14, 390.27, 756.15
377.51, 165.79, 1091.81
294.06, 173.96, 814.91
285.44, 159.14, 759.27
139.93, 173.68, 713.12
387.63, 389.64, 659.35
511.11, 378.91, 694.17
623.06, 402.24, 654.55
696.07, 387.74, 664.14
766.36, 609.91, 710.00
996.63, 920.13, 520.50
1013.20, 988.98, 687.77
1049.06, 933.19, 686.02
986.12, 946.85, 540.20
1003.53, 901.46, 769.20
926.95, 1095.10, 958.62
838.48, 935.78, 942.30
687.15, 937.51, 1085.51
659.92, 941.35, 1031.37
919.34, 993.57, 641.15
1131.02, 738.95, 291.52
1004.04, 749.18, 259.50
995.19, 797.09, 340.53
906.10, 726.03, 339.15
880.61, 710.93, 200.61
817.31, 709.36, 280.38
728.51, 733.74, 180.11
713.54, 726.21, 253.71
764.48, 708.19, 216.34
695.96, 707.67, 300.17
724.96, 402.90, 570.77
601.49, 383.85, 751.62
123.67, 143.82, 612.43
105.36, 145.10, 667.58
287.00, 446.10, 599.64
464.00, 408.17, 423.56
744.83, 884.24, 925.71
