2879.24, 272.60, -1547.66
1727.81, 257.56, -1232.22
1469.25, 274.48, -1381.57
1618.32, 283.30, -1247.53
1662.33, 232.33, -1172.88
1442.89, 283.01, -1863.46
1430.32, 260.11, -1694.81
1603.30, 341.11, -2100.19
1751.21, 251.96, -1155.79
1887.12, 237.56, -797.19
1458.35, 242.12, -1609.45
1490.70, 244.06, -1578.71
1299.05, 267.47, -1702.36
1246.86, 263.18, -1723.07
1356.08, 256.15, -1675.38
1312.87, 271.50, -1501.03
1750.44, 195.54, -1522.66
1161.81, 306.14, -1395.01
1588.07, 234.55, -177.00
1718.76, 301.18, -928.49
1935.92, 224.67, -560.16
1594.19, 277.83, -702.50
2225.96, 218.32, -1524.00
2133.63, 222.18, -1185.93
2731.33, 271.73, -1436.27
2644.80, 267.84, -1573.39
2234.03, 234.16, -1373.94
2112.67, 228.93, -1447.70
1842.55, 194.98, -1378.27
2666.79, 216.12, -509.69
2472.91, 244.50, -1411.36
1873.46, 196.15, -1557.40
2533.50, 205.34, -1130.38
2668.47, 240.14, -1219.86
2739.80, 261.08, -1379.99
2844.05, 259.77, -1347.69
1260.94, 258.60, -1683.17
2357.79, 283.90, -1739.31
1249.54, 254.61, -1472.39
1401.71, 305.04, -1267.20
1703.62, 256.00, -739.04
1640.09, 258.22, -599.26
2851.07, 254.59, -1734.90
2377.75, 283.09, -341.67
2204.23, 211.39, -516.34
2767.25, 212.07, 106.98
1589.50, 280.38, -1510.70
2751.60, 251.60, -535.80
1371.48, 313.70, -1288.37
1707.90, 267.65, -1204.90
1992.80, 237.79, -627.70
1908.80, 242.61, -640.33
1579.10, 235.29, -197.80
1982.40, 226.33, -994.50
2874.30, 287.80, -1194.40
2589.50, 262.46, -1679.20
2154.60, 280.20, -281.80
2492.10, 254.00, -334.20
2648.76, 264.61, 147.71
2086.50, 235.10, -596.60
1397.89, 233.72, -1569.00
1362.22, 235.70, -1553.41
1669.55, 259.05, -711.76
1573.83, 336.96, -2119.04
1787.14, 260.52, -1024.97
1927.02, 216.56, -1130.54
1791.25, 218.28, -375.88
2656.37, 246.77, -1210.93
1505.57, 231.32, -357.91
1946.77, 212.58, -898.06
1874.33, 204.67, -114.18
1879.27, 205.08, -114.50
1997.86, 243.24, -549.03
1584.05, 277.01, -747.09
2678.15, 195.77, -2338.80
2409.32, 208.44, -1284.60
2179.82, 267.99, -1684.15
2332.30, 308.13, -1765.12
2116.66, 228.72, -1383.28
2854.66, 274.76, -1556.26
2551.25, 322.94, -1658.49
2206.07, 213.75, -1484.89
2847.17, 260.40, -1865.34
2323.78, 300.50, -1746.85
2935.55, 224.13, -1740.13
2656.28, 199.84, -2319.38
1417.58, 317.92, -1968.96
2239.49, 243.76, -1579.23
2700.21, 279.05, -1493.19
2998.08, 239.00, -1734.99
2808.72, 318.77, -1594.20
2291.56, 248.07, -1468.36
2667.08, 236.65, -1130.55
2197.04, 245.71, -417.95
2415.26, 299.07, -239.91
2192.63, 260.64, -1737.13
2872.10, 218.66, -98.50
2146.03, 211.36, -460.29
2334.70, 284.51, -248.80
2665.60, 263.00, -362.70
2465.95, 264.86, -1508.06
2237.40, 268.64, -299.80
2409.11, 293.41, -368.99
2667.16, 300.65, 132.18
2699.86, 226.56, 84.86
1960.78, 196.78, -1169.66
2726.20, 251.95, -347.40
2694.20, 238.48, 233.24
2375.23, 290.62, -194.12
2686.15, 245.19, -1301.84
1566.69, 245.97, -1559.96
2240.22, 229.92, -1466.31
2166.73, 240.32, -1534.98
2541.85, 249.80, -1551.70
2231.42, 272.99, -1766.13
2082.05, 212.61, -1078.27
2330.13, 277.30, -1667.62
2282.03, 274.34, -1689.63
2148.54, 234.82, -1577.47
2518.49, 268.25, -1458.69
2135.68, 217.34, -1262.44
1152.30, 298.52, -1570.12
2103.94, 214.33, -1362.43
2073.57, 225.60, -1415.63
2659.74, 250.89, -1471.19
2621.85, 224.22, -1356.68
2258.84, 240.54, -1329.40
2381.08, 283.49, -1795.41
2219.32, 220.86, -1441.19
2825.89, 271.92, -1440.88
2240.52, 242.39, -1445.64
2452.66, 271.44, -1526.56
1720.35, 273.70, -891.84
2372.78, 273.38, -1517.82
2069.82, 224.66, -1592.37
2392.05, 250.55, -1278.70
2160.76, 256.39, -1720.37
2291.22, 284.95, -1744.79
2373.01, 297.77, -1666.74
2123.31, 233.16, -1563.93
2648.72, 268.38, -1567.02
2595.82, 225.07, -1165.25
2735.40, 285.53, -1167.75
2748.68, 267.98, -1175.79
1930.77, 251.15, -450.44
2758.09, 274.10, -1155.98
2690.12, 262.21, -1408.06
2791.77, 297.00, -1565.71
2840.30, 257.07, -1665.94
2859.33, 253.77, -1745.83
2825.25, 272.33, -1488.06
2709.31, 244.59, -1155.62
2410.18, 208.35, -1186.46
2322.18, 211.36, -1121.62
2883.61, 257.36, -1838.24
2569.79, 211.35, -1248.41
2842.55, 262.15, -1872.66
2823.87, 257.61, -1404.70
2669.40, 231.57, -1131.13
2870.52, 257.08, -1428.68
2876.47, 260.42, -1444.08
2683.55, 248.11, -1321.74
2815.22, 247.56, -1141.18
2849.21, 255.01, -1797.31
2963.60, 242.66, -1629.05
2927.07, 211.18, -1579.74
2427.26, 210.13, -1109.92
2912.55, 253.69, -1622.40
2678.70, 245.11, -1292.65
2708.43, 249.08, -1227.15
2723.46, 255.98, -1214.58
1802.81, 203.17, -1268.15
2634.70, 254.26, -1689.28
2696.80, 233.08, -1110.76
2378.01, 219.64, -1092.67
2327.61, 275.55, -1633.10
2346.60, 238.44, -855.98
2662.54, 246.31, -1328.95
2263.85, 239.90, -833.77
2165.89, 225.59, -825.13
2199.77, 210.86, -917.71
2089.74, 232.78, -1530.25
2186.68, 210.12, -873.67
2319.16, 214.09, -923.52
2229.21, 236.11, -752.52
2286.59, 236.51, -876.50
2146.01, 219.48, -494.14
2131.13, 228.41, -509.88
2158.39, 220.77, -470.81
2492.35, 300.34, -1806.62
2234.52, 202.94, -476.52
2208.63, 220.90, -477.39
2728.64, 286.28, -1573.95
2111.47, 228.69, -525.66
2147.94, 232.87, -458.99
2279.51, 271.85, -239.13
2392.71, 307.09, -191.26
2317.51, 307.82, -202.27
2363.37, 274.24, -390.87
2450.20, 219.64, -1396.82
2135.16, 242.63, -427.69
2918.51, 242.76, -1825.73
2224.72, 255.42, -398.74
2102.17, 228.17, -493.82
2341.85, 253.19, -464.32
2265.86, 279.09, -292.09
2379.94, 295.75, -317.85
2634.24, 274.94, -414.96
2220.36, 227.94, -941.83
2146.27, 233.57, -862.30
2207.95, 255.69, -768.83
2687.89, 263.25, -1352.96
2236.95, 258.26, -775.70
2320.78, 241.01, -871.17
2261.64, 235.99, -721.31
2384.58, 226.00, -756.34
2290.69, 225.94, -950.94
2380.74, 241.06, -822.37
2480.97, 220.22, -429.88
2477.57, 211.53, -417.30
2684.60, 251.12, -369.40
2457.31, 208.84, 136.35
2711.26, 285.43, -1397.96
1258.62, 258.45, -1412.89
2062.20, 265.83, -380.60
2397.66, 211.30, 62.03
2414.79, 217.96, 49.17
2571.65, 227.19, 15.90
2520.29, 208.97, 404.54
2457.24, 242.34, 264.33
2180.10, 236.14, -445.00
2521.09, 229.81, 191.11
2468.17, 209.55, 68.20
2124.40, 211.62, -559.30
2580.04, 198.37, 400.53
2630.25, 211.22, 463.10
2652.00, 220.34, 428.49
2520.05, 208.41, -22.72
2644.58, 222.24, -85.03
2493.10, 205.04, -563.90
2702.16, 253.26, 473.40
2734.92, 219.00, 95.25
2737.76, 248.04, 182.38
2624.50, 232.09, 194.96
2683.74, 258.35, 100.16
2690.82, 239.10, 96.84
2702.84, 233.85, 173.35
2699.28, 240.49, 26.25
2522.86, 208.48, 273.36
2747.03, 258.63, 119.61
2912.79, 207.83, 29.12
3036.20, 212.30, 161.50
2933.46, 213.54, 177.35
2722.12, 222.52, 209.24
2901.21, 215.57, 324.11
2000.63, 205.26, -1362.92
2353.78, 284.73, -278.40
2111.15, 209.48, -66.83
2394.74, 222.54, 388.57
2457.66, 221.48, 380.34
2540.01, 200.88, 340.33
2055.49, 219.62, -44.53
2336.34, 232.91, -79.75
2379.70, 227.30, 55.00
2145.99, 226.23, 29.33
2556.80, 214.70, 152.90
1677.21, 195.06, -1682.16
2281.72, 240.10, -476.14
1997.11, 219.88, -1486.04
1409.46, 300.70, -1845.17
1323.20, 303.26, -1862.40
1493.67, 269.19, -1774.75
2149.88, 205.35, -1736.45
2014.69, 210.00, -1423.83
1630.18, 294.22, -1096.50
2766.60, 229.27, -159.90
2026.82, 228.96, -1579.93
1460.80, 242.00, -1536.08
1662.74, 238.62, -1219.55
1964.51, 221.98, -1490.95
1680.84, 244.34, -1327.41
1614.80, 261.21, -1282.76
1807.25, 194.87, -1507.60
1803.92, 241.04, -1196.38
1710.45, 262.27, -1274.05
1974.70, 236.98, -1534.03
1662.52, 248.65, -1203.90
1685.08, 213.98, -384.36
1551.48, 204.15, -467.06
2193.04, 208.99, -1050.25
1766.26, 224.51, -415.93
1674.46, 221.37, -525.86
1741.59, 256.85, -825.97
1954.82, 217.62, -643.17
1900.85, 206.55, -166.67
1790.93, 255.03, -516.37
1850.67, 226.70, -391.48
1807.53, 204.82, -274.08
1756.20, 216.78, -358.75
1746.94, 238.54, -628.41
1811.54, 217.90, -442.80
1736.80, 241.10, -945.70
2548.70, 205.45, 207.30
1792.57, 236.12, -914.04
1480.61, 263.64, -1355.79
2566.45, 214.35, -1403.73
2495.10, 202.89, -1094.03
2412.14, 208.46, -1290.34
2262.94, 204.33, -1099.88
2645.14, 202.98, -2368.36
2652.40, 325.01, 132.08
2592.91, 175.44, -2399.24
2960.18, 199.62, -1425.93
1458.46, 289.59, -1271.69
2730.20, 240.40, 316.50
2373.16, 299.28, -649.94
1211.63, 274.10, -1696.17
2693.16, 196.10, -1789.15
2586.20, 210.80, 455.00
1749.55, 214.92, -1375.38
2745.10, 218.94, 229.50
2635.70, 206.95, -6.80
2383.70, 222.50, 383.20
2444.70, 220.03, 210.10
1513.79, 292.16, -1204.58
2048.40, 208.28, -66.90
2144.30, 209.50, -64.10
2940.90, 216.00, 291.70
2888.50, 209.40, -55.40
1456.30, 268.41, -1562.12
1576.03, 294.19, -1199.78
2908.10, 259.30, -1655.81
1559.17, 252.03, -1624.12
2097.83, 213.52, -1313.64
2818.01, 261.72, -1677.09
2315.76, 216.86, -1096.51
2316.80, 231.06, -1222.11
2607.90, 206.90, -61.20
2448.57, 263.20, 361.84
2450.45, 263.11, 366.68
1196.67, 259.12, -1546.70
1295.42, 255.52, -1512.47
1263.44, 255.14, -1534.75
2482.19, 205.86, 130.30
2412.56, 211.29, 28.38
2447.14, 225.78, 146.76
2608.05, 214.09, 225.55
2645.68, 215.89, 445.21
2418.20, 227.46, -4.59
2643.63, 222.79, -480.56
2586.39, 206.95, -4.72
2646.11, 216.88, -57.96
2473.74, 245.73, 466.73
2628.43, 251.86, 93.41
2346.68, 289.92, -233.31
2677.58, 222.12, 40.21
2606.42, 221.37, 52.39
2724.27, 248.10, 184.98
2793.91, 248.25, -181.02
3052.14, 239.71, 178.85
2335.32, 297.73, -185.32
2115.47, 211.34, -33.98
2797.11, 208.87, 157.72
2957.49, 207.10, 108.68
2753.28, 210.40, 350.69
2395.05, 222.54, 391.51
2565.92, 201.26, 367.79
2671.88, 212.40, 380.40
2154.40, 210.30, -13.36
2675.71, 285.32, -403.58
2352.04, 248.05, -87.01
2241.70, 229.75, -129.37
1461.57, 257.69, -1447.29
2098.86, 207.47, -1221.02
1827.24, 198.50, -1163.57
1884.21, 200.68, -1252.84
1969.77, 220.75, -1577.84
1409.47, 304.93, -1888.89
1586.80, 258.85, -1538.04
2049.01, 202.12, -1124.46
1486.67, 330.93, -1985.24
2697.20, 247.23, -427.10
1687.49, 220.08, -1483.99
1461.69, 268.29, -1627.99
1699.14, 233.15, -1345.76
1996.01, 268.30, -542.01
1568.74, 252.20, -1659.63
1679.40, 267.66, -1187.90
1111.91, 311.46, -1420.94
1883.69, 243.75, -867.45
1933.56, 226.31, -907.73
2224.22, 271.49, -272.24
1941.47, 246.35, -911.94
1970.73, 240.12, -370.91
1839.70, 227.52, -723.35
1792.61, 242.97, -821.53
2419.10, 240.88, -400.30
1784.84, 247.15, -604.71
2642.03, 230.37, 23.58
1738.83, 219.72, -393.55
1997.41, 210.71, -72.70
2564.60, 235.51, -1523.88
2386.09, 211.89, -1192.62
2508.99, 224.48, -1440.08
2530.71, 209.81, -1271.50
2607.00, 180.00, 411.50
2530.61, 206.56, -1159.92
1875.39, 204.73, -116.05
1943.07, 206.45, -1526.15
2632.95, 193.57, -2376.35
2336.23, 295.64, -120.72
2245.90, 264.26, -751.17
2407.46, 283.76, -377.25
2540.78, 242.56, -1793.50
2603.10, 229.60, 153.50
2994.03, 211.07, 59.27
2667.80, 212.03, 285.10
2716.10, 207.13, 344.20
2624.50, 206.82, 357.50
2548.80, 207.05, 250.40
1632.77, 266.48, -755.76
2212.40, 215.32, -38.70
2449.50, 263.15, 364.20
2475.80, 217.97, -61.00
2498.00, 210.15, 366.00
1829.23, 245.76, -725.13
1652.14, 268.21, -969.10
2447.01, 290.46, -1570.74
2771.89, 256.26, -1327.73
1530.34, 288.01, -1291.64
2054.70, 254.00, -447.10
1724.69, 236.87, -1159.68
2706.94, 273.72, -1579.95
2467.97, 206.29, -1234.31
2545.71, 205.44, -1201.07
2035.95, 210.46, -1013.02
1546.11, 252.14, -1644.79
1252.68, 261.86, -1647.31
1809.09, 194.70, -1408.74
2915.65, 262.07, -1561.22
2648.36, 200.71, -2337.44
