1372.66, 268.71, -531.01
1484.69, 232.80, -492.63
1496.88, 248.56, -244.92
1495.74, 246.29, -199.20
1510.59, 250.68, -186.94
1545.58, 262.94, -45.44
1586.13, 249.83, -68.17
1598.06, 249.58, -81.61
1598.68, 252.79, -26.11
1593.70, 243.56, -14.69
1681.58, 276.80, -9.01
1540.12, 223.26, 26.46
1434.46, 224.68, 94.66
1454.19, 202.82, 147.73
1448.34, 201.50, 157.96
1466.88, 205.30, 153.94
1644.29, 256.25, 268.93
1645.56, 205.79, 144.53
1742.72, 227.34, 61.39
2037.53, 205.84, -38.65
2048.54, 209.46, -63.92
2005.15, 210.46, -106.85
1905.34, 235.53, -313.54
1909.84, 241.15, -348.22
1918.88, 246.85, -400.75
1915.96, 251.25, -435.49
1898.97, 247.47, -456.97
1909.74, 253.41, -501.13
2005.07, 252.55, -422.84
2162.25, 276.27, -394.19
2199.08, 284.04, -385.41
2223.84, 287.20, -321.12
2194.07, 283.19, -291.36
2229.13, 272.29, -271.68
2258.26, 271.77, -269.61
2286.54, 271.92, -268.32
2477.12, 218.96, -59.29
2640.23, 207.95, -10.21
2619.55, 227.74, 36.98
2694.50, 240.10, 96.71
2767.59, 208.06, 73.87
2886.01, 210.23, -56.17
2736.56, 249.24, 166.33
2765.91, 217.20, 184.76
2766.92, 208.24, 239.42
2748.36, 220.71, 232.90
2605.13, 180.95, 408.62
2497.73, 211.12, 362.52
2384.21, 223.54, 380.10
2448.04, 220.67, 209.86
2534.16, 206.77, 214.26
2564.81, 258.45, 211.92
2588.48, 250.27, 124.81
2528.39, 206.86, 111.58
2215.72, 216.49, -42.51
2141.49, 210.49, -62.86
2270.15, 215.06, -75.11
2330.83, 295.93, -158.14
2331.89, 298.44, -190.73
2356.08, 290.23, -238.63
2346.17, 282.17, -280.43
2423.58, 305.96, -294.78
2417.24, 297.86, -322.69
2570.28, 265.30, -339.70
2611.13, 271.79, -447.42
2631.66, 279.52, -469.18
2742.21, 249.81, -496.40
2666.56, 222.72, -476.35
2661.64, 218.09, -507.76
2613.85, 210.69, -498.12
2603.41, 204.69, -541.66
2454.53, 242.02, -402.32
2420.29, 241.86, -402.42
2365.59, 281.19, -339.61
2346.35, 273.50, -359.50
2286.35, 258.16, -367.91
2247.05, 255.70, -425.68
2319.87, 256.01, -450.79
2285.95, 242.04, -474.06
2258.79, 237.97, -499.03
2215.80, 205.61, -496.67
2202.84, 211.85, -511.35
2175.91, 236.50, -447.42
2134.02, 231.63, -450.44
2054.91, 249.05, -450.76
2056.58, 240.95, -566.04
2082.79, 236.57, -597.23
1934.46, 225.44, -566.08
1944.35, 261.33, -559.62
1960.04, 263.29, -570.68
2034.67, 229.91, -694.37
2004.81, 227.09, -693.39
1901.58, 242.41, -642.87
1897.89, 214.27, -722.45
1773.14, 242.78, -765.77
1768.34, 246.93, -747.61
1762.17, 250.14, -662.43
1718.92, 245.28, -696.29
1577.77, 258.10, -589.15
1518.00, 267.58, -603.55
1573.75, 271.80, -659.27
1472.27, 268.30, -635.91
1458.79, 268.98, -640.69
1462.70, 274.35, -766.36
1639.27, 267.71, -744.59
1626.15, 269.51, -780.60
1651.34, 265.84, -792.84
1652.18, 266.53, -768.98
1685.19, 259.23, -747.71
1713.88, 301.30, -913.31
1785.32, 260.55, -1032.78
2035.31, 211.69, -1011.32
2044.02, 208.82, -992.66
2139.45, 204.59, -1138.53
2224.22, 225.67, -1186.17
2174.04, 237.75, -1303.31
2312.81, 231.69, -1213.98
2317.55, 218.25, -1099.10
2516.37, 203.54, -1132.42
2429.00, 206.97, -1258.12
2307.47, 248.26, -1263.04
2415.97, 209.57, -1280.79
2435.49, 208.28, -1277.30
2421.77, 254.16, -1371.13
2692.18, 244.96, -1267.39
2649.87, 231.90, -1146.51
2695.30, 233.93, -1109.62
2752.24, 241.12, -1090.99
2708.52, 246.38, -1145.80
2741.96, 272.95, -1176.16
2764.58, 260.36, -1234.49
2795.71, 261.01, -1264.09
2798.99, 261.96, -1281.30
2738.71, 257.63, -1321.69
2709.34, 286.03, -1406.09
2769.45, 275.63, -1460.18
2823.08, 272.37, -1444.19
2879.23, 264.38, -1523.02
2903.47, 252.73, -1653.05
2982.69, 240.57, -1715.41
2939.88, 237.82, -1791.16
2915.49, 241.26, -1814.03
2522.84, 313.32, -1630.66
2467.02, 299.34, -1597.35
2397.05, 286.21, -1583.39
2440.25, 287.15, -1545.71
2299.32, 272.25, -1659.19
2261.11, 273.90, -1758.15
2254.35, 276.23, -1773.88
2177.78, 260.61, -1736.83
2197.14, 255.19, -1683.90
2197.11, 250.95, -1627.46
2160.44, 223.13, -1379.96
2080.63, 231.84, -1529.60
1979.16, 215.62, -1465.99
1996.47, 222.56, -1490.07
1872.01, 197.59, -1548.80
1761.83, 196.40, -1519.01
1608.58, 250.20, -1607.01
1601.10, 247.74, -1627.84
1520.41, 242.55, -1618.65
1444.85, 240.44, -1585.45
1534.62, 246.55, -1565.28
1553.75, 270.62, -1485.16
1557.23, 266.54, -1325.63
1632.89, 253.81, -1370.42
1622.24, 252.52, -1358.97
1721.30, 215.34, -1382.40
1801.92, 204.61, -1263.34
1754.65, 252.81, -1156.43
1556.59, 292.44, -1183.91
1516.50, 293.67, -1209.99
1398.37, 272.99, -1110.01
1422.34, 267.41, -1165.19
1363.62, 271.72, -1205.78
1343.45, 271.01, -1116.95
1326.39, 269.62, -1118.78
1210.01, 287.48, -1145.47
1285.64, 272.16, -1200.33
1404.05, 237.34, -1462.67
1327.79, 248.41, -1510.16
1352.53, 240.17, -1623.11
1547.98, 335.70, -2086.97
1519.88, 354.00, -2067.61
1416.84, 309.73, -1925.90
1264.23, 262.84, -1724.55
1226.16, 260.58, -1553.02
1160.31, 306.77, -1398.35
1207.15, 318.37, -1333.59
1170.82, 315.52, -1336.91
1016.90, 202.48, -1319.16
916.36, 201.13, -1147.45
1092.56, 201.00, -1195.10
1024.29, 317.02, -1122.48
1160.66, 304.86, -1126.79
1159.97, 349.08, -1029.52
1208.99, 325.33, -1047.60
1227.71, 348.49, -990.44
1409.60, 322.02, -960.41
1259.05, 384.12, -891.71
1140.07, 382.50, -994.59
1025.57, 410.51, -1016.88
1005.27, 572.48, -860.19
1063.15, 436.39, -872.47
1011.71, 305.35, -989.75
660.98, 201.69, -859.13
901.61, 412.09, -828.30
937.75, 367.68, -751.21
1150.62, 402.97, -723.51
1134.85, 417.62, -720.41
1073.16, 380.99, -622.58
1714.28, 255.12, -770.53
1705.05, 256.28, -792.02
1845.81, 226.19, -1099.07
1865.33, 224.85, -1101.45
1987.42, 194.33, -1182.93
1937.78, 241.92, -1041.36
2039.62, 210.58, -1010.76
2243.45, 227.02, -1187.70
2225.72, 234.48, -1257.14
2208.95, 235.77, -1301.80
2235.57, 232.86, -1263.52
2368.68, 206.90, -1142.10
2531.51, 206.36, -1124.97
2516.29, 205.41, -1146.99
2543.72, 206.41, -1207.10
2471.82, 207.34, -1237.31
2374.63, 255.77, -1357.52
2366.66, 253.14, -1374.74
2458.39, 247.25, -1416.14
2457.10, 265.63, -1505.96
2573.24, 214.44, -1387.48
2631.82, 251.28, -1295.81
2687.95, 245.56, -1297.42
2700.87, 245.66, -1281.42
2660.76, 234.29, -1084.35
2757.16, 265.85, -1189.51
2781.91, 261.81, -1280.51
2845.90, 261.02, -1345.35
2743.82, 261.03, -1376.61
2799.94, 271.67, -1486.79
2754.29, 271.89, -1484.37
2816.99, 261.99, -1672.01
2750.64, 195.60, -1734.51
2595.82, 254.44, -1636.17
2574.23, 361.03, -1716.88
2450.51, 297.14, -1613.24
2420.80, 299.04, -1641.84
2398.56, 303.38, -1628.69
2423.92, 290.18, -1579.19
2387.05, 281.75, -1557.47
2253.33, 273.14, -1748.01
2180.02, 247.41, -1586.58
2147.18, 238.30, -1543.74
2223.02, 218.62, -1525.89
2264.73, 259.99, -1503.39
2260.89, 254.02, -1467.71
2278.09, 249.01, -1452.71
2187.29, 213.57, -1478.83
2192.11, 214.59, -1464.18
2169.04, 214.17, -1459.67
2098.30, 214.08, -1308.45
2091.57, 231.43, -1505.25
1998.63, 222.44, -1512.47
2038.82, 224.33, -1564.41
1891.97, 198.45, -1533.52
1763.46, 195.83, -1494.68
1613.45, 247.11, -1586.24
1495.80, 244.03, -1585.42
1510.96, 272.46, -1512.16
1539.34, 271.79, -1496.26
1625.34, 249.04, -1329.64
1714.76, 214.72, -1402.98
1738.76, 216.09, -1364.17
1761.17, 215.32, -1373.09
1791.55, 246.68, -1143.34
1717.98, 234.71, -1150.51
1535.41, 293.61, -1190.47
1379.68, 275.85, -1134.27
1457.99, 289.97, -1277.28
1302.21, 302.67, -1078.95
1275.08, 275.06, -1174.27
1276.29, 274.00, -1223.41
1258.92, 257.82, -1423.60
1428.22, 239.81, -1445.06
1425.34, 238.58, -1460.20
1396.06, 270.80, -1660.18
1412.69, 267.14, -1736.02
1420.39, 309.89, -1929.87
1530.90, 331.96, -2056.23
1555.52, 336.52, -2122.56
1413.37, 318.68, -1967.26
1353.17, 248.92, -1660.68
1252.81, 262.93, -1648.62
1298.65, 250.41, -1541.43
1261.27, 256.14, -1534.80
1246.90, 255.21, -1474.82
1201.91, 260.23, -1539.81
1143.98, 317.86, -1372.55
969.60, 202.02, -1251.00
950.58, 201.42, -1231.70
1106.32, 202.09, -1171.52
1050.16, 314.27, -1135.38
1112.18, 275.42, -1133.46
1319.90, 357.01, -936.89
992.39, 338.50, -976.68
840.10, 294.73, -988.51
825.01, 299.24, -954.24
767.10, 201.56, -1110.32
915.84, 413.34, -818.28
954.81, 383.91, -896.22
959.35, 337.02, -869.70
937.45, 342.11, -832.37
941.58, 357.17, -666.83
1033.99, 384.92, -667.45
608.23, 201.10, -575.22
-102.34, 201.47, -861.85
549.75, 203.72, -624.82
-182.55, 209.41, -1031.22
-180.09, 201.00, -994.29
-146.88, 201.90, -908.36
-142.65, 202.17, -883.44
-125.66, 201.34, -846.62
-88.80, 201.44, -783.52
638.90, 223.38, -479.39
615.35, 221.21, -448.72
606.25, 220.38, -425.83
511.89, 201.23, -479.98
559.50, 210.22, -400.06
472.48, 201.62, -343.96
590.80, 295.79, -237.55
951.41, 285.30, -379.51
1089.75, 286.86, -433.84
1135.59, 245.69, -302.21
1170.03, 202.69, -199.47
1308.80, 201.04, -93.39
1087.37, 202.32, -80.25
1069.57, 209.02, -22.80
1178.55, 202.62, 119.15
1026.58, 203.53, 87.19
843.67, 207.53, -41.80
988.75, 251.63, -246.61
841.80, 261.45, -331.43
687.30, 225.28, -219.53
694.37, 223.51, -146.97
574.53, 207.03, -106.16
663.94, 207.77, 82.04
697.13, 204.44, 173.93
497.85, 197.88, 293.04
430.83, 208.44, -32.41
406.83, 202.06, -74.08
-118.97, 253.75, -105.64
-108.77, 260.39, -204.38
-126.78, 285.44, 488.70
-292.92, 287.79, 673.46
-430.60, 274.16, 639.11
-509.45, 201.35, 855.95
-730.02, 167.71, 874.42
-703.12, 208.54, 1252.74
-693.38, 217.91, 1309.04
-672.66, 212.68, 1286.09
-633.91, 196.31, 1174.10
-26.24, 242.41, 678.72
116.42, 206.69, 698.13
254.93, 211.17, 327.79
353.31, 220.83, 385.10
398.60, 202.15, 554.40
498.81, 215.45, 468.36
960.53, 206.59, 160.74
1043.91, 201.76, 180.22
1183.41, 202.25, 340.75
1304.36, 202.73, 337.70
1477.53, 220.90, 464.11
1604.41, 258.40, 466.26
1623.55, 294.18, 376.12
1444.77, 252.80, 480.84
1426.86, 218.52, 492.30
1359.42, 208.77, 510.28
1303.25, 201.48, 524.04
1176.41, 201.99, 489.61
1363.73, 201.03, 715.24
1118.18, 207.53, 922.36
1124.21, 209.56, 959.63
1180.03, 247.14, 1057.41
1182.24, 244.49, 1154.65
1279.49, 263.57, 1219.93
1269.98, 265.58, 1242.10
1490.40, 205.11, 1089.17
1662.20, 208.28, 849.00
1592.40, 241.62, 750.54
892.27, 239.84, 709.60
838.76, 224.90, 707.31
757.34, 202.11, 580.98
499.01, 217.47, 759.01
542.04, 230.03, 841.63
700.39, 207.26, 870.42
749.36, 222.42, 839.30
879.91, 239.57, 867.30
578.87, 266.61, 1055.71
500.53, 218.87, 1032.92
353.09, 229.85, 1069.50
304.52, 233.75, 1083.82
309.13, 225.67, 1051.87
285.29, 235.70, 939.15
309.94, 213.54, 888.64
301.59, 196.47, 861.70
-35.81, 271.49, 1143.13
-255.43, 292.24, 1368.74
231.97, 207.30, 1257.45
515.83, 167.65, 1202.03
525.63, 289.22, 1501.63
444.06, 339.29, 1438.97
702.71, 319.77, 1761.55
705.18, 320.63, 1765.15
759.77, 307.37, 1744.40
763.81, 325.69, 1830.01
803.07, 337.41, 1856.91
577.24, 288.74, 2535.13
472.71, 229.36, 2322.52
-1.78, 279.77, 1751.71
-518.55, 127.39, 1830.32
-370.82, 280.91, 2145.56
-338.77, 186.18, 2366.86
-83.34, 201.00, -877.41
-87.35, 202.40, -905.13
-147.86, 201.68, -929.18
-125.05, 201.95, -870.08
-101.63, 201.36, -685.73
-368.71, 201.18, -588.00
695.63, 285.69, -348.24
704.20, 267.42, -451.46
1097.31, 257.92, -370.90
1327.09, 201.19, -81.55
1249.91, 200.39, -18.28
1235.06, 200.50, -29.10
1021.19, 205.35, 70.36
1026.20, 209.25, 25.45
920.47, 246.40, -129.75
999.25, 244.96, -292.62
895.25, 254.65, -253.17
803.69, 241.34, -247.48
670.48, 246.54, -166.54
681.59, 269.60, -116.47
603.60, 198.93, 230.87
573.78, 201.39, 147.39
558.34, 204.88, 156.15
441.10, 202.03, -73.29
213.47, 210.92, 41.12
186.61, 236.14, 131.30
-116.31, 255.52, -25.11
-232.70, 240.86, -15.18
-400.10, 322.90, 564.92
-514.02, 186.90, 881.85
-822.38, 183.29, 911.15
-859.74, 184.70, 939.21
-781.57, 183.43, 1129.42
-887.98, 156.32, 1285.78
-528.38, 216.31, 947.87
-271.43, 190.70, 951.53
236.58, 207.16, 461.89
426.58, 206.29, 468.82
345.02, 206.44, 613.89
476.82, 205.59, 507.02
657.75, 202.46, 469.58
657.62, 201.51, 312.46
742.26, 201.04, 324.12
1116.65, 202.25, 293.83
1527.21, 233.22, 519.57
1195.63, 199.12, 512.66
1167.31, 185.82, 541.99
1368.17, 205.60, 647.22
1401.56, 201.00, 720.10
1211.80, 201.87, 860.97
1334.27, 201.36, 1001.16
1139.29, 215.29, 945.94
1131.98, 219.06, 1038.95
1195.88, 246.33, 1160.76
1516.93, 203.49, 1081.88
832.51, 227.58, 743.43
659.47, 224.71, 729.10
680.31, 226.50, 736.63
709.76, 240.77, 790.28
669.06, 240.76, 810.05
1046.06, 309.39, 1312.79
925.33, 262.68, 1266.56
830.75, 217.62, 1223.26
513.03, 174.02, 1123.86
483.05, 222.73, 1086.26
461.72, 234.56, 1057.22
159.45, 218.67, 877.50
100.22, 242.25, 900.67
-42.58, 269.61, 1182.79
694.11, 207.11, 1319.72
723.92, 247.28, 1597.90
426.23, 224.39, 2331.94
456.91, 216.79, 2297.77
135.30, 418.61, 1996.88
35.03, 341.41, 1890.42
-96.75, 322.30, 1868.50
-120.84, 322.52, 1876.43
-153.05, 309.20, 1719.59
-171.35, 315.16, 1896.24
-278.21, 302.56, 1984.41
-604.59, 153.96, 1609.74
-561.35, 257.87, 2022.64
-617.97, 347.98, 2058.43
-463.07, 308.39, 2128.13
-416.62, 224.98, 2272.73
-294.37, 185.18, 2353.04
-251.86, 241.24, 2275.27
-225.05, 210.25, 2439.84
30.44, 306.17, 2301.38
189.94, 303.31, 2199.45
305.88, 241.39, 2370.14
170.50, 290.23, 2465.66
-612.67, 223.82, 2945.32
-171.94, 254.62, 3312.15
-600.68, 131.17, 3814.73
-632.72, 131.23, 3847.59
-654.82, 129.22, 3844.44
-357.74, 237.08, 4227.15
-363.01, 163.60, 4389.25
-347.29, 11.50, 4570.12
-378.14, 18.81, 4556.00
-175.55, 62.87, 4842.04
-978.53, -7.87, 4866.41
-812.39, -37.15, 4484.54
-935.18, -20.88, 4487.78
-951.56, 71.64, 4484.40
844.78, 327.49, -492.62
-112.05, 202.95, -910.68
-109.25, 203.95, -994.48
-357.22, 202.13, -727.46
-342.38, 201.00, -701.50
-151.86, 202.49, -470.88
-162.63, 204.00, -438.52
572.42, 221.82, -318.73
830.08, 299.33, -439.60
1065.82, 286.86, -436.69
1127.34, 271.63, -392.68
1253.83, 201.42, -158.70
1037.31, 204.45, 68.39
982.32, 214.15, -6.70
792.25, 265.93, -104.41
798.56, 239.95, -224.82
679.39, 202.92, -10.53
354.14, 215.35, 143.17
360.51, 201.01, -90.01
359.35, 201.01, -135.12
221.30, 227.54, 173.84
178.30, 236.84, 212.14
214.07, 235.83, 219.71
111.73, 254.22, 215.34
-126.86, 293.94, 144.05
-115.94, 261.94, -188.77
-122.31, 253.29, -106.31
-236.77, 394.95, 532.53
-177.64, 334.91, 630.20
-422.13, 335.60, 574.93
-734.11, 167.18, 874.07
-830.22, 172.44, 1074.06
-424.88, 341.06, 1346.12
-516.14, 183.87, 1160.44
-515.58, 196.83, 1063.27
-483.31, 196.99, 1063.42
-526.16, 181.46, 965.95
-329.97, 250.56, 1058.19
-271.19, 199.50, 932.34
157.90, 202.62, 732.65
274.84, 228.89, 384.48
403.01, 209.32, 295.82
377.71, 207.02, 618.55
687.72, 201.93, 458.06
665.84, 202.50, 337.38
841.49, 201.89, 172.41
1030.75, 201.00, 179.23
1387.63, 207.68, 431.25
1488.87, 220.92, 483.85
1308.58, 201.89, 482.87
1425.77, 215.20, 652.00
1403.67, 201.03, 749.65
1193.26, 201.84, 837.47
1181.02, 204.06, 839.23
1315.44, 201.04, 998.68
1335.36, 228.34, 1264.61
1584.29, 202.28, 1133.60
1470.57, 202.85, 1047.52
1585.48, 201.22, 855.96
1628.01, 240.50, 784.60
1617.82, 240.66, 739.95
1527.47, 242.28, 642.59
934.60, 239.62, 735.95
895.51, 241.50, 743.61
839.08, 222.31, 680.25
742.11, 201.34, 577.54
750.08, 256.00, 892.68
980.08, 239.54, 925.70
230.27, 236.63, 1024.94
-264.40, 286.03, 1309.20
-172.57, 279.28, 1422.71
244.50, 186.30, 1331.59
279.45, 189.04, 1382.74
629.62, 204.06, 1285.16
640.47, 246.01, 1530.51
632.65, 237.62, 1582.24
564.17, 245.55, 1585.50
466.84, 270.09, 2375.14
334.90, 312.84, 1860.47
103.05, 358.03, 1899.91
-324.77, 266.34, 1713.02
-537.92, 282.24, 1500.81
-560.34, 206.67, 1501.68
-595.21, 163.97, 1750.13
-630.24, 189.33, 1911.01
-714.49, 252.27, 2130.65
-620.22, 268.28, 2053.30
-599.99, 258.59, 2285.19
-618.28, 223.98, 2371.85
-579.89, 234.27, 2356.58
-566.65, 181.30, 2568.16
-456.12, 167.42, 2416.27
-297.45, 226.88, 2314.70
-242.07, 213.44, 2364.01
-3.58, 307.47, 2235.03
22.24, 315.19, 2272.74
45.89, 235.61, 2453.40
131.61, 247.83, 2815.79
-447.58, 201.87, 2949.24
-608.34, 201.81, 2858.93
-641.65, 218.24, 2951.86
-504.59, 201.62, 3015.67
-481.86, 201.07, 3046.74
-293.60, 304.84, 3257.92
-308.20, 270.54, 3366.54
-621.56, 147.54, 3508.83
-157.39, 203.00, -893.42
-108.80, 202.92, -670.13
-339.58, 201.61, -713.02
-152.12, 202.90, -453.45
613.40, 221.54, -469.86
630.28, 296.76, -331.21
663.33, 289.33, -326.98
694.22, 280.59, -327.35
660.51, 234.91, -453.10
929.19, 299.93, -443.70
997.37, 272.00, -389.83
1252.05, 200.92, -210.14
1270.77, 201.15, -153.29
1332.07, 201.26, -139.75
815.03, 271.81, -220.93
811.84, 252.34, -299.10
693.22, 216.87, -245.72
777.05, 201.37, 142.13
722.25, 203.94, 227.79
663.74, 202.24, 178.06
554.26, 205.07, 171.18
484.16, 201.64, -41.18
188.20, 239.23, 108.37
182.57, 239.10, 244.62
95.38, 257.14, 192.72
-109.15, 253.97, -40.72
-129.48, 254.84, -90.71
-311.06, 248.41, 702.19
-955.09, 280.27, 344.29
-529.80, 201.75, 872.94
-538.60, 194.25, 887.24
-820.22, 184.99, 921.62
-887.11, 186.42, 1310.52
-728.32, 218.51, 1360.81
-415.96, 337.17, 1372.11
-444.20, 191.39, 1241.02
-481.19, 183.36, 937.03
-460.41, 181.98, 919.20
111.21, 202.26, 395.81
274.30, 215.28, 283.95
624.64, 202.82, 454.98
1224.79, 201.62, 343.74
1338.06, 201.34, 304.67
1676.88, 300.54, 425.74
1323.75, 201.47, 523.91
1390.06, 209.82, 637.97
1273.14, 203.68, 954.56
1178.32, 237.31, 1027.77
1257.39, 265.95, 1390.65
1423.32, 230.83, 1229.81
1508.67, 203.13, 1059.10
1821.20, 211.94, 661.53
924.93, 229.80, 682.10
811.44, 225.78, 741.79
703.83, 225.15, 657.93
541.32, 201.28, 602.22
685.30, 239.93, 791.25
879.18, 239.33, 850.70
893.73, 239.17, 865.74
815.35, 214.77, 1204.02
657.89, 232.36, 1040.06
535.76, 186.37, 1053.09
488.86, 217.40, 1054.12
455.45, 216.99, 1051.68
5.09, 299.04, 908.92
235.26, 239.35, 976.56
80.29, 218.50, 1164.52
-60.89, 266.11, 1121.90
54.27, 192.75, 1264.69
495.71, 169.68, 1191.74
590.75, 240.38, 1521.78
330.09, 233.87, 1705.13
320.40, 237.70, 1733.10
336.50, 241.70, 1719.80
765.68, 321.72, 1804.05
709.54, 392.17, 1906.29
528.74, 136.76, 2383.48
45.65, 338.88, 1865.77
44.69, 354.13, 1925.71
-96.57, 304.53, 1805.19
-136.63, 320.88, 1805.50
-490.72, 214.04, 1610.35
-597.17, 338.60, 2048.76
-442.40, 217.29, 2297.87
-603.70, 228.04, 2370.54
-519.24, 214.44, 2377.34
-362.22, 194.33, 2349.50
76.05, 235.90, 2441.02
-512.66, 201.23, 2937.44
-637.30, 218.75, 2930.93
-444.35, 201.47, 3015.66
-418.48, 244.92, 3273.04
-395.69, 253.60, 3307.24
-163.15, 260.42, 3329.10
-174.05, 254.31, 3393.69
-568.68, 169.16, 3668.13
-59.36, 44.92, 4985.91
-155.06, 21.89, 5083.15
-625.92, 99.51, 4640.46
-643.86, 95.86, 4643.07
-891.39, 54.11, 4571.15
-785.46, -9.30, 4566.47
-806.88, -34.89, 4461.53
-912.89, -21.00, 4497.54
-767.21, 150.96, 4018.42
-925.08, 245.57, 3933.28
-8.80, 261.63, 2366.18
191.80, 226.85, 2263.59
-529.60, 229.53, 3145.76
-419.46, 239.02, 3253.88
-176.97, 250.54, 3358.66
-397.32, 213.01, 3506.45
-374.80, 223.94, 3844.73
-320.18, 3.22, 4556.66
-878.47, -45.80, 4455.64
-936.86, 176.09, 4276.43
-1000.85, 267.99, 3893.78
-788.51, 245.37, 3471.18
-1266.48, 196.72, 3496.34
-1546.73, 275.25, 3643.22
-1586.83, 280.25, 3638.25
-1297.01, 44.99, 5283.28
-563.56, 139.46, 5976.74
-1472.81, -50.14, 5409.15
-1864.07, 122.66, 5059.41
-1993.96, 129.66, 4857.82
-2143.93, 26.41, 5315.96
-2093.56, -35.26, 5437.74
-2499.76, 189.33, 5966.51
-2571.15, 197.91, 5938.28
-2958.50, 36.66, 4539.35
-2222.37, 303.62, 4185.27
-2177.74, 298.04, 4153.03
-2160.45, 279.56, 4128.35
-2375.97, 218.24, 4001.43
-1616.15, 287.76, 3586.90
-798.35, 192.55, 2615.67
-864.30, 197.75, 2537.56
-4782.65, 205.02, -2540.56
-3594.34, 205.20, -2299.05
-3450.36, 202.94, -2777.16
-2614.96, 219.53, -4199.13
-4983.21, 201.02, -4258.76
-4900.60, 201.49, -4242.01
-6201.42, 201.86, -3252.35
-6367.49, 258.49, -2586.51
-6192.15, 225.63, -2568.39
-6171.14, 224.29, -2446.71
-1013.45, 276.55, 3844.14
-914.92, 209.79, 3820.50
-1551.06, 276.14, 3664.31
-1781.15, 168.79, 4841.02
-1186.53, 59.14, 5411.95
-2539.82, -62.58, 5690.12
-3014.73, 80.69, 4644.25
-2940.08, 36.05, 4527.88
-2310.90, 223.26, 4048.04
-2495.55, 256.01, 4239.99
-2335.71, 222.73, 3981.43
-1393.10, 178.49, 3186.13
-1263.44, 278.64, 2739.43
-1222.14, 264.85, 2694.70
-713.68, 207.16, 2742.66
-903.71, 195.15, 1853.85
-949.35, 213.44, 1791.57
-4973.92, 207.17, -2708.42
-3549.04, 204.44, -2349.86
-3516.86, 201.00, -2586.57
-3745.41, 265.89, -3164.82
-3253.65, 207.66, -3601.64
-2717.21, 201.51, -3962.43
-2443.45, 257.37, -4507.77
-5001.43, 203.56, -4217.84
-4717.18, 201.01, -4627.77
-4756.77, 201.30, -4620.94
-4771.84, 207.43, -4646.78
-4824.12, 215.66, -4708.80
-4849.55, 208.81, -4716.49
-6118.25, 201.49, -3192.34
-6079.02, 222.91, -2952.52
-6190.14, 205.56, -2857.35
-6169.26, 203.31, -2823.89
-6447.91, 204.76, -2730.93
-6181.17, 237.30, -2611.17
-6114.37, 201.17, -2613.58
-5823.58, 219.09, -2502.37
-590.02, 166.82, 3584.39
-609.74, 172.91, 3596.44
-359.73, 16.35, 4546.04
-438.93, 146.69, 4686.95
-1016.47, 181.53, 3593.30
-863.21, 227.32, 3853.36
-1284.91, 269.81, 3572.95
-1384.78, 264.84, 3830.08
-1554.88, 272.56, 3614.39
-1808.98, 169.94, 4848.21
-1944.30, 135.30, 5191.80
-2180.42, 198.93, 5310.48
-2571.50, 7.67, 5890.99
-2667.25, -65.51, 5398.98
-2706.05, 164.28, 4974.58
-2333.13, 104.14, 4656.25
-2158.30, 157.17, 4698.72
-2475.91, 254.41, 4327.30
-1718.32, 354.88, 3600.68
-1306.05, 176.71, 2426.51
-1250.16, 143.59, 2756.60
-1004.42, 239.13, 2915.28
-891.79, 228.95, 2886.91
-737.76, 165.89, 2634.64
-773.28, 138.71, 1972.67
-1815.05, 319.04, 2315.78
-4079.23, 204.86, -376.92
-4016.26, 208.93, -995.66
-4070.80, 207.11, -1387.43
-3508.28, 207.69, -2107.65
-3683.86, 201.00, -2903.59
-3625.87, 201.91, -2990.89
-3725.76, 280.63, -3117.70
-3724.52, 270.50, -3171.99
-3711.42, 255.00, -3168.92
-3349.81, 202.52, -3707.31
-3351.03, 201.02, -3740.13
-2963.28, 201.03, -3937.43
-2767.16, 201.01, -3997.53
-2733.99, 201.65, -4587.18
-2950.96, 208.62, -4123.20
-3025.45, 201.43, -4029.33
-4291.78, 217.77, -3904.36
-4443.17, 201.31, -3663.70
-4393.27, 201.10, -3681.68
-4803.97, 207.83, -4716.21
-6042.06, 201.05, -3204.78
-6043.33, 208.66, -2905.42
-6051.37, 219.61, -2888.95
-6410.05, 238.78, -2810.28
-6459.60, 202.25, -2777.68
-6262.15, 239.30, -2475.16
-6064.76, 201.66, -2583.59
-5768.33, 201.29, -2509.03
-1041.34, 179.60, 3697.04
-704.01, 235.50, 3681.36
-1117.54, 269.68, 3385.54
-1376.14, 270.19, 3845.35
-1668.63, 107.42, 5032.27
-1901.07, 125.93, 4942.35
-1958.53, 107.86, 4883.28
-2552.88, -36.14, 5395.87
-2528.34, 34.76, 5673.22
-2922.32, 214.52, 5044.43
-2217.60, 295.55, 4144.97
-1724.69, 163.06, 2765.43
-1477.68, 226.43, 2773.23
-1465.41, 239.16, 2618.80
-1024.47, 226.22, 2702.90
-978.41, 231.50, 1940.75
-3591.39, 201.90, -1803.21
-3657.37, 264.26, -2124.07
-3724.74, 209.86, -2874.71
-2597.44, 201.73, -4002.56
-2698.69, 203.30, -4621.60
-2628.80, 215.53, -4204.40
-4888.01, 201.52, -4308.18
-4771.52, 203.98, -4715.78
-4851.43, 201.26, -4796.44
-6234.50, 201.14, -3228.09
-6344.67, 201.18, -2958.43
-6332.09, 235.19, -2836.47
-6427.10, 237.93, -2821.78
-6656.00, 207.44, -2604.65
-6761.05, 202.61, -2603.85
-6671.79, 214.40, -2571.38
-6352.97, 247.86, -2657.33
-6422.06, 257.77, -2561.79
-6388.24, 201.20, -2379.21
-6174.68, 220.33, -2476.77
-189.15, 254.17, 3309.35
-1113.42, 121.04, 4821.53
-799.78, -0.89, 4595.58
-789.90, -27.15, 4436.12
-861.43, -45.03, 4451.75
-768.34, 150.21, 4000.54
-1013.02, 279.40, 3804.03
-888.20, 227.54, 3867.21
-803.77, 242.83, 3480.56
-845.53, 261.62, 3430.97
-873.08, 319.25, 3364.82
-1021.86, 283.61, 3356.60
-1299.16, 270.06, 3589.36
-1453.97, 279.80, 3868.62
-1566.41, 273.07, 3690.01
-1715.13, 185.43, 4689.77
-1635.99, 150.10, 4781.50
-1812.55, 168.49, 4867.33
-1690.42, 120.40, 4935.01
-2009.17, 135.64, 5166.04
-2944.21, 35.58, 4549.32
-2161.77, 54.43, 4249.70
-2298.65, 226.46, 4060.80
-2479.66, 256.39, 4343.60
-1515.99, 129.16, 3354.06
-1499.84, 223.21, 2776.26
-1431.09, 202.92, 2745.57
-1429.33, 192.97, 2495.58
-1466.30, 182.01, 2451.63
-1371.08, 171.20, 2445.28
-1080.33, 182.29, 2928.45
-801.67, 129.30, 1946.54
-3963.98, 231.06, -2144.02
-4947.00, 201.56, -2544.36
-3534.39, 202.34, -2036.30
-3475.61, 201.88, -2096.68
-3864.12, 201.98, -2937.67
-2662.46, 210.56, -4094.00
-4256.26, 211.76, -3901.43
-4513.66, 201.41, -3920.41
-4408.78, 201.00, -3673.83
-4970.40, 202.84, -4646.10
-6359.78, 206.46, -2378.86
-6140.17, 202.16, -2599.84
-695.42, 138.34, 4033.90
-907.55, 242.77, 3936.31
-908.66, 224.73, 3870.79
-1363.17, 288.64, 3713.06
-1555.35, 272.55, 3687.83
-1617.88, 157.70, 4767.37
-1730.66, 131.38, 4934.03
-1724.72, 117.26, 5102.45
-1845.20, 129.52, 4986.40
-2004.33, 135.30, 5152.38
-1994.55, 136.62, 5194.32
-2195.90, 11.55, 5402.73
-2529.45, 190.99, 5982.28
-2598.28, 203.39, 5930.58
-2643.45, -2.70, 5660.41
-2781.66, 201.03, 5659.20
-2775.46, 2.81, 5345.09
-2116.06, 241.23, 4228.47
-1516.96, 178.06, 3203.18
-1682.13, 225.21, 2943.95
-1409.52, 196.22, 2483.17
-1118.82, 277.68, 3057.46
-786.06, 139.18, 1981.49
-979.52, 232.69, 1881.83
-4049.11, 207.20, -366.03
-3938.47, 204.65, -2895.93
-3737.90, 236.73, -3137.35
-3744.61, 258.47, -3144.71
-3150.68, 201.36, -3533.98
-2958.07, 201.06, -3919.53
-2868.57, 201.11, -4278.83
-4229.63, 210.51, -4248.65
-4796.60, 201.01, -4598.24
-6228.41, 201.64, -3204.15
-6462.54, 202.94, -2798.09
-450.28, 191.63, 3815.62
-460.44, 187.43, 3828.68
-360.96, 217.58, 4291.03
-377.56, 213.14, 4296.50
-127.08, 56.18, 4903.60
-703.28, 138.27, 4049.76
-899.49, 333.86, 3367.85
-1326.20, 281.71, 3625.84
-1363.93, 290.87, 3733.97
-1619.71, 291.46, 3604.90
-433.94, 163.16, 5963.71
-1726.64, 119.48, 5118.23
-2022.46, 161.02, 5123.61
-2129.69, 135.31, 4862.56
-2155.45, 148.97, 5204.91
-2164.76, 31.67, 5392.86
-2771.25, 203.96, 5701.91
-2848.44, 224.22, 5581.02
-2710.32, -61.29, 5391.64
-3007.72, 75.37, 4674.85
-2401.68, 216.30, 4036.04
-1830.55, 323.35, 3675.26
-1828.21, 328.60, 3649.82
-1557.68, 223.44, 3515.54
-1516.26, 182.71, 3320.88
-1400.15, 203.00, 2493.91
-1087.59, 241.05, 2806.34
-1007.65, 248.40, 2332.90
-1841.69, 314.89, 2300.26
-3828.98, 201.69, -1275.45
-3716.39, 202.43, -2863.52
-3270.56, 210.28, -3600.54
-2284.14, 203.88, -4210.29
-2430.11, 251.05, -4504.78
-2710.66, 230.25, -4276.02
-4821.70, 220.09, -4723.60
-6238.61, 201.00, -3015.33
-6100.56, 207.28, -2846.25
-6193.74, 203.18, -2724.13
-6482.45, 201.47, -2687.47
-6256.23, 249.05, -2573.36
-6226.96, 233.24, -2478.08
-1279.36, 118.65, 4441.74
-1418.49, 64.88, 5010.09
-1909.44, 125.90, 5070.00
-2174.05, 4.40, 5349.76
-2719.96, -44.51, 5400.93
-2467.23, 254.49, 4261.09
-1682.68, 147.11, 3408.32
-1097.96, 227.33, 2884.80
-862.27, 220.10, 2694.08
-915.94, 212.72, 2072.33
-831.74, 235.07, 2020.56
-3867.57, 201.44, -430.99
-3867.25, 202.74, -1189.30
-3838.06, 200.78, -2927.03
-3523.84, 201.26, -3031.83
-3511.77, 202.63, -3196.63
-2693.06, 201.00, -4009.25
-2619.81, 212.89, -4138.09
-2695.12, 210.59, -4137.45
-2893.28, 204.61, -4201.76
-4391.09, 203.00, -3665.49
-4984.04, 201.00, -4214.82
-4812.53, 201.00, -4446.48
-4757.95, 207.35, -4668.00
-4911.92, 204.05, -4715.90
-6219.70, 201.00, -3222.60
-6212.37, 201.06, -2814.53
-6205.45, 241.13, -2704.60
-6229.46, 230.66, -2512.87
-6281.94, 248.95, -2528.72
-6072.34, 202.38, -2539.60
-5810.80, 218.36, -2514.89
