-6478.16, 202.91, -2785.08
-6755.70, 203.13, -2596.51
-6673.31, 215.08, -2578.94
-6370.95, 206.59, -2394.30
-6263.76, 243.42, -2463.54
-6225.09, 232.00, -2486.29
-6284.53, 249.11, -2529.11
-6255.90, 250.02, -2579.81
-6227.18, 231.82, -2524.40
-6172.06, 223.16, -2469.88
-6170.31, 223.86, -2442.38
-5904.54, 204.62, -2204.13
-5895.72, 204.86, -2216.52
-5885.15, 204.75, -2229.82
-5872.40, 204.88, -2216.73
-5835.71, 204.72, -2271.34
-5846.81, 204.75, -2342.14
-5795.75, 204.78, -2353.67
-5816.17, 219.65, -2519.24
-6107.14, 201.44, -2622.01
-6130.03, 204.42, -2609.42
-6160.00, 206.61, -2577.25
-6186.16, 240.38, -2618.30
-6207.89, 242.14, -2706.03
-6227.87, 251.36, -2730.64
-6089.24, 221.34, -2956.01
-6261.28, 217.86, -2975.09
-6276.16, 219.12, -2961.54
-6261.64, 214.97, -2980.32
-6224.60, 201.36, -3206.34
-6197.59, 204.09, -3250.23
-6233.16, 202.97, -3222.27
-6346.64, 204.84, -3371.45
-6347.57, 204.87, -3392.94
-6336.99, 204.70, -3407.18
-6324.47, 204.85, -3393.40
-4747.60, 207.26, -4703.58
-4814.70, 211.22, -4767.52
-4818.96, 209.91, -4783.88
-4831.15, 213.17, -4815.00
-4858.73, 203.09, -4804.60
-4896.61, 209.30, -4713.95
-4898.23, 209.85, -4625.01
-4805.65, 201.13, -4465.55
-4882.32, 202.12, -4313.01
-4982.56, 201.72, -4244.78
-4998.49, 204.17, -4225.33
-5005.10, 204.37, -4211.51
-4918.24, 201.04, -4219.54
-4346.91, 208.04, -4208.72
-4395.11, 202.12, -3653.17
-4491.30, 208.66, -3929.32
-4223.40, 201.20, -3895.54
-4206.48, 201.42, -3889.17
-3351.23, 201.05, -3733.48
-3361.37, 203.45, -3712.48
-3273.48, 210.63, -3600.47
-3219.23, 201.08, -3613.12
-2860.22, 201.20, -4275.97
-2811.35, 223.75, -4391.99
-2722.64, 201.41, -4592.76
-2694.85, 205.54, -4635.51
-2687.37, 252.90, -4472.91
-2455.42, 338.17, -4310.22
-2606.54, 223.69, -4198.45
-2473.17, 221.88, -4111.88
-2664.80, 210.22, -4095.49
-2697.07, 202.63, -4004.68
-2709.94, 201.49, -3961.65
-3129.41, 204.17, -3460.19
-3148.20, 202.55, -3391.01
-3164.91, 204.43, -3392.29
-2965.09, 201.12, -3243.78
-3511.24, 202.35, -3189.94
-3743.77, 265.88, -3163.36
-3733.06, 250.50, -3120.13
-3529.08, 201.41, -3031.25
-3626.74, 201.15, -2981.65
-3694.33, 201.05, -2907.86
-3811.59, 206.44, -2954.64
-3863.57, 206.31, -2973.01
-3862.35, 208.90, -2947.69
-3942.01, 203.06, -2954.70
-3926.91, 283.28, -3141.15
-3727.74, 210.12, -2875.54
-3447.67, 206.98, -2764.22
-3805.43, 265.80, -2305.14
-3802.63, 260.58, -2286.71
-3941.52, 239.46, -2161.91
-3933.98, 235.65, -2144.42
-3539.16, 204.02, -2042.13
-3587.24, 205.84, -1786.19
-4046.46, 204.79, -1427.33
-4061.31, 204.85, -1410.87
-3936.23, 108.66, -837.09
-3440.12, 204.86, -1019.10
-3417.99, 204.79, -1017.84
-1392.57, 168.02, 2440.31
-1385.19, 196.85, 2481.15
-1273.13, 179.70, 2427.96
-1006.99, 246.97, 2340.40
-992.97, 261.95, 2335.36
-1068.46, 258.12, 2397.82
-1064.92, 266.36, 2420.46
-886.84, 203.00, 2542.83
-1112.02, 233.57, 2890.62
-822.51, 224.45, 3199.20
-871.46, 317.59, 3368.05
-898.20, 333.95, 3364.86
-903.05, 242.61, 3499.24
-987.61, 199.07, 3528.37
-1008.84, 193.44, 3541.22
-1023.67, 283.43, 3353.89
-1093.77, 267.73, 3042.88
-1261.58, 283.43, 2751.42
-1229.60, 265.42, 2676.73
-1621.58, 289.40, 3593.05
-1921.03, 425.84, 3625.54
-1909.84, 410.60, 3636.02
-2344.72, 236.50, 3978.72
-2496.84, 264.97, 4343.03
-2187.20, 297.88, 4153.16
-2138.69, 240.56, 4236.13
-1714.74, 185.87, 4686.95
-1782.71, 168.23, 4844.50
-1805.63, 173.90, 4869.97
-1816.49, 125.20, 4987.40
-1900.79, 125.96, 4941.30
-1923.47, 139.19, 4989.36
-1913.16, 136.64, 5006.17
-1926.02, 132.52, 5047.69
-1907.23, 130.67, 5076.74
-3002.06, 79.57, 4668.58
-2686.36, 4.98, 5285.34
-2676.86, -65.11, 5397.10
-2847.95, 227.06, 5597.27
-2602.56, 204.00, 5929.56
-1989.86, 145.06, 5207.78
-1869.08, 140.58, 5119.54
-1736.02, 131.21, 4937.66
-1628.59, 154.90, 4794.68
-432.19, 136.67, 5836.31
-197.49, -47.14, 4830.72
-154.23, -42.09, 4785.57
-236.29, 96.46, 4574.78
-350.61, 11.66, 4571.61
-436.38, 145.62, 4684.43
-300.22, 160.09, 4446.94
-340.88, 168.31, 4405.56
-375.43, 165.88, 4374.59
-428.72, 165.84, 4344.29
-615.43, 80.50, 4391.95
-667.40, 84.08, 4607.62
-647.62, 95.16, 4638.61
-972.37, 88.81, 4905.09
-1276.01, 64.41, 4803.03
-906.12, 63.39, 4579.03
-807.77, -22.84, 4540.54
-908.56, 172.79, 4289.48
-1409.47, 260.24, 3840.80
-1362.24, 290.51, 3731.96
-1005.35, 283.88, 3815.46
-997.71, 275.49, 3857.91
-1012.49, 273.51, 3884.50
-759.60, 148.95, 4019.64
-632.02, 125.62, 3823.44
-614.26, 184.44, 3615.68
-604.49, 174.19, 3565.26
-798.68, 243.18, 3496.09
-840.49, 265.16, 3461.71
-817.68, 261.06, 3432.48
-833.39, 268.39, 3426.64
-566.81, 174.36, 3478.34
-409.49, 234.92, 3239.05
-303.13, 306.11, 3272.89
-160.73, 259.96, 3290.68
-447.34, 173.49, 3173.41
-491.59, 223.78, 3174.92
-453.46, 201.46, 3012.22
-429.65, 214.79, 2973.70
-391.06, 201.00, 2945.25
-459.66, 167.48, 2416.49
-717.70, 138.99, 1972.43
-906.18, 205.33, 1865.74
-932.04, 211.76, 1863.38
-867.61, 161.59, 1286.82
-837.48, 188.78, 931.21
-886.92, 172.50, 878.20
-488.23, 181.93, 919.67
-313.27, 248.78, 1039.62
-463.03, 194.78, 1069.83
-484.90, 280.23, 1619.26
-540.05, 179.26, 1872.68
-364.08, 276.82, 2158.78
-170.37, 320.62, 1889.46
-126.90, 331.96, 1847.74
-87.12, 315.91, 1823.63
35.54, 351.98, 1914.19
391.75, 327.77, 1997.52
419.25, 327.17, 1991.50
85.38, 236.19, 2436.63
293.87, 232.94, 2494.68
478.93, 229.48, 2329.09
721.54, 250.97, 1599.19
488.42, 301.21, 1635.81
325.40, 233.80, 1706.40
381.50, 293.76, 1535.20
352.14, 287.75, 1459.01
587.27, 247.11, 1553.26
629.93, 203.48, 1283.27
445.48, 268.22, 1184.58
-900.42, 233.21, 2875.62
-1106.01, 247.87, 2812.24
-1122.12, 235.70, 2910.59
-908.12, 250.21, 3572.22
-1468.43, 229.60, 2769.20
-1479.83, 226.39, 2782.47
-1680.81, 228.03, 2955.06
-1551.37, 221.74, 3511.33
-1887.81, 396.12, 3635.25
-2309.33, 243.47, 3984.46
-2304.75, 225.23, 4055.77
-2520.25, 265.61, 4239.59
-2481.30, 262.10, 4347.01
-2225.09, 303.87, 4193.49
-2167.69, 285.61, 4141.96
-2125.34, 244.46, 4343.16
-1846.15, 133.84, 4914.18
-1844.50, 129.41, 4985.06
-1897.16, 125.71, 5054.13
-2003.57, 135.14, 5157.25
-2154.17, 148.94, 5205.99
-2920.56, 220.55, 5038.17
-2766.44, 9.01, 5336.84
-2770.55, 205.47, 5711.05
-1943.29, 135.30, 5197.14
-1727.23, 126.70, 5130.92
-1670.32, 107.55, 5035.34
-426.54, 164.19, 5962.94
-394.19, 127.55, 5795.35
-490.03, 166.68, 5605.74
-469.26, 175.41, 5592.86
-202.82, -46.60, 4773.98
-987.18, 84.78, 4910.86
-1257.03, 71.05, 4825.68
-880.26, 63.73, 4573.93
-790.26, 67.98, 4415.43
-912.29, 166.81, 4265.82
-1561.44, 274.94, 3700.45
-1365.10, 290.01, 3711.77
-914.87, 211.78, 3827.40
-593.70, 133.76, 3811.73
-547.54, 166.36, 3898.23
-367.14, 227.09, 3840.77
-589.55, 169.85, 3604.20
-413.90, 259.00, 3322.52
-410.13, 260.19, 3284.82
-407.91, 242.25, 3252.74
-307.75, 271.31, 3363.61
-393.42, 226.31, 3204.26
-405.65, 227.20, 3214.17
-479.05, 175.28, 3192.23
-490.36, 220.99, 3193.56
-501.11, 201.26, 3017.03
-426.04, 218.77, 2294.96
-436.78, 216.69, 2305.86
-518.67, 215.20, 2372.57
-608.58, 231.19, 2360.41
-598.31, 258.78, 2283.18
-833.86, 112.59, 1927.21
-844.30, 123.13, 1938.68
-899.45, 186.36, 1308.96
-871.00, 185.47, 1285.93
-815.87, 188.56, 1293.03
-781.02, 182.58, 1126.77
-723.12, 165.09, 1053.84
-822.11, 179.61, 899.54
-494.82, 204.62, 855.54
-496.57, 183.04, 936.06
-521.10, 185.01, 968.30
-472.64, 197.65, 1081.03
-644.94, 213.68, 1288.58
-247.56, 243.58, 2264.74
-1.11, 308.37, 2232.57
-161.87, 320.74, 1905.38
51.28, 354.62, 1889.83
134.24, 420.00, 1989.20
275.26, 234.52, 2509.82
468.54, 269.96, 2370.63
497.44, 274.94, 2358.30
464.25, 227.40, 2316.53
776.38, 326.50, 1826.52
856.77, 317.39, 1749.00
558.38, 231.70, 1683.57
515.83, 290.39, 1492.50
573.51, 246.58, 1524.06
601.02, 247.11, 1542.80
579.58, 246.59, 1520.58
39.25, 200.22, 1275.52
62.94, 194.55, 1253.26
103.30, 242.28, 899.08
317.49, 211.98, 892.15
310.71, 204.00, 858.35
536.92, 186.34, 1055.65
803.62, 265.71, 1057.55
958.73, 242.58, 923.85
1082.17, 301.29, 1226.83
1269.30, 203.27, 955.64
1166.54, 239.93, 1043.71
1192.60, 253.44, 1079.54
1198.15, 246.03, 1139.06
1327.66, 228.78, 1267.72
1429.89, 201.13, 718.19
1372.98, 201.85, 705.80
1433.20, 216.48, 652.35
1823.21, 211.87, 660.19
1431.05, 220.31, 487.70
359.87, 294.94, 1251.94
252.83, 202.74, 1279.95
232.55, 201.77, 1267.40
282.82, 236.63, 936.30
393.94, 204.35, 931.53
437.06, 248.33, 1098.71
929.35, 262.68, 1264.69
1584.56, 202.69, 1141.79
1407.01, 201.00, 737.66
1386.99, 210.17, 633.60
1300.34, 206.09, 504.22
1211.21, 202.57, 353.86
838.32, 200.45, 189.23
656.03, 201.72, 181.07
462.38, 205.92, 298.00
659.34, 202.23, 466.54
819.70, 233.11, 715.64
847.43, 223.12, 698.59
701.19, 240.22, 792.73
704.20, 207.26, 870.72
655.37, 247.51, 803.43
545.07, 218.62, 799.43
387.58, 213.83, 633.42
395.05, 202.33, 550.82
230.36, 211.39, 466.91
-178.76, 336.01, 625.14
-319.96, 341.24, 590.98
-421.26, 335.49, 579.33
-125.58, 286.27, 479.74
105.93, 262.25, 188.14
-126.51, 201.03, -411.07
-164.14, 204.82, -461.40
-153.71, 204.24, -888.17
-181.32, 201.09, -978.28
-177.67, 201.02, -979.26
-79.87, 203.46, -895.67
687.43, 203.43, -4.63
855.38, 214.42, -48.36
1036.40, 206.10, 63.46
1178.63, 203.29, 501.95
1399.38, 208.70, 426.76
1432.34, 202.17, 388.25
1492.45, 201.04, 272.94
1475.29, 206.94, 158.85
1589.20, 248.45, 298.54
2622.92, 207.82, 356.35
2718.82, 208.07, 339.16
2548.47, 208.19, 247.31
2952.33, 216.95, 281.88
2694.62, 248.36, -428.58
2350.71, 286.26, -278.25
2285.58, 271.87, -270.01
2339.19, 295.61, -204.02
2336.68, 298.60, -187.87
1996.16, 214.66, -99.58
1978.44, 216.30, -131.43
1517.91, 226.15, 30.20
1596.56, 249.67, -23.47
1599.41, 249.61, -71.70
1589.30, 249.32, -84.18
1499.08, 253.61, -248.46
1332.43, 201.52, -80.33
991.20, 275.58, -396.39
1066.37, 286.86, -431.92
834.32, 261.00, -331.51
490.81, 200.90, -193.00
466.27, 201.88, -361.97
505.76, 204.43, -500.37
1064.72, 430.89, -883.91
1067.85, 427.07, -904.21
1038.11, 336.56, -966.01
1128.75, 227.90, -1202.34
1262.75, 256.14, -1533.53
1271.91, 270.06, -1550.78
1278.91, 262.54, -1479.94
1558.25, 298.97, -1167.33
1652.76, 266.12, -789.13
1712.72, 258.37, -757.67
1638.31, 257.18, -588.96
2025.35, 235.89, -680.98
1754.41, 252.63, -1153.24
1809.13, 208.80, -1284.05
1642.43, 246.86, -1308.89
1567.43, 266.35, -1327.74
1895.76, 199.84, -1470.07
2000.44, 205.87, -1358.72
2442.29, 213.25, -1263.52
2461.30, 250.11, -1429.67
2683.03, 241.06, -1199.96
2780.06, 261.87, -1277.33
2847.20, 261.38, -1340.23
2741.30, 262.17, -1382.57
2768.89, 274.77, -1516.10
2248.53, 271.87, -1709.47
2223.31, 264.92, -1692.68
1448.79, 265.21, -1608.10
1399.41, 273.55, -1757.17
546.02, 211.49, 159.22
500.03, 197.78, 299.96
673.44, 211.70, 481.79
838.05, 225.44, 722.67
628.84, 214.31, 677.87
388.04, 219.15, 715.06
-27.33, 243.03, 680.95
-558.38, 354.04, 606.38
95.47, 249.85, 150.59
-297.43, 201.06, -815.03
-192.88, 201.59, -993.98
-98.04, 204.00, -998.24
72.71, 282.81, 26.97
197.15, 242.11, 116.95
401.67, 201.97, -72.96
445.00, 213.94, -24.37
1011.37, 207.59, 67.01
1057.86, 201.76, 175.49
1073.69, 201.76, 203.50
1401.90, 201.05, 261.88
1652.07, 201.19, 141.71
1771.83, 202.10, 99.62
2495.57, 210.98, 365.35
2593.05, 213.56, 450.41
2673.64, 213.52, 287.76
2541.33, 206.45, 201.76
2751.50, 216.67, 250.62
2771.74, 211.47, 91.45
2883.55, 213.85, -59.09
2647.59, 224.06, -482.00
2556.43, 262.57, -338.44
2422.36, 241.86, -403.76
2351.38, 293.97, -228.10
2213.40, 216.09, -45.08
1674.79, 276.14, -5.24
1541.66, 268.82, -52.45
1497.62, 228.95, -106.68
1318.58, 201.00, -71.39
1174.35, 203.98, -197.90
1258.21, 207.44, -158.79
1092.68, 286.86, -431.39
811.66, 252.50, -300.79
672.69, 247.28, -170.94
564.31, 210.88, -394.74
618.79, 221.40, -455.28
613.43, 221.52, -471.97
887.99, 344.19, -642.08
778.05, 207.66, -1108.32
1215.34, 315.16, -1066.07
1286.07, 271.96, -1202.97
1290.72, 257.50, -1465.30
1768.39, 246.90, -748.62
1905.19, 243.36, -638.40
1947.38, 261.85, -554.04
1967.32, 265.21, -565.63
2002.25, 253.24, -426.30
2242.75, 255.48, -430.62
2194.20, 216.19, -516.21
2017.42, 243.16, -595.53
1997.67, 196.96, -1184.27
1687.80, 265.35, -1319.81
2142.02, 224.81, -1371.46
2232.64, 234.74, -1277.92
2392.13, 208.82, -1162.79
2519.26, 203.92, -1122.43
2678.20, 245.83, -1274.60
2734.68, 281.79, -1174.10
2578.77, 368.36, -1721.47
2518.27, 312.46, -1631.96
2269.53, 275.81, -1750.03
2177.65, 260.75, -1736.63
2214.70, 218.00, -1522.16
2194.53, 213.99, -1488.42
1987.28, 227.63, -1494.11
1356.67, 256.25, -1667.43
1259.25, 263.33, -1723.51
226.79, 201.22, 1284.04
236.33, 236.54, 1025.83
152.13, 219.04, 877.52
900.89, 292.94, 1172.89
976.49, 243.43, 939.38
1131.00, 225.93, 1052.59
1191.61, 243.03, 1032.39
1362.46, 201.75, 725.14
1600.68, 290.98, 561.64
1316.84, 201.28, 520.28
1305.06, 201.07, 423.02
726.61, 204.50, 235.44
551.64, 200.51, 276.87
642.17, 206.76, 423.80
818.82, 225.94, 740.73
749.24, 255.83, 895.88
367.18, 213.83, 611.75
272.29, 215.58, 282.73
113.08, 205.15, 407.09
-959.01, 285.10, 329.28
-428.17, 289.63, 653.19
57.78, 261.85, 86.50
211.25, 211.00, 37.33
429.47, 208.89, -26.97
678.86, 202.19, -17.83
985.37, 215.10, -12.01
1232.88, 201.86, 145.54
1416.18, 202.88, 374.09
1736.88, 227.94, 52.89
2609.47, 180.26, 406.17
2446.79, 220.93, 205.84
2739.07, 235.71, 220.28
2740.84, 240.47, 101.55
2992.15, 212.11, 58.10
2419.12, 297.70, -326.06
2226.69, 272.42, -273.63
2320.24, 300.46, -190.57
2445.20, 218.07, -35.61
2041.67, 210.11, -63.29
2008.15, 213.78, -109.31
1544.22, 272.04, -82.51
1585.88, 235.71, -176.89
1336.71, 201.22, -145.87
1082.72, 253.81, -355.79
983.63, 273.42, -384.99
1089.19, 286.86, -452.13
556.11, 203.67, -626.11
708.17, 269.57, -462.29
1012.30, 572.59, -858.37
948.03, 383.01, -888.42
909.85, 412.73, -820.93
842.63, 296.11, -994.50
763.33, 201.28, -1067.59
1102.18, 201.46, -1183.47
1231.63, 342.83, -1009.55
1274.38, 274.70, -1179.13
1250.97, 262.54, -1446.81
1297.31, 274.02, -1217.19
1652.21, 258.42, -595.41
1888.72, 256.01, -539.07
2076.78, 252.31, -442.31
2011.11, 227.76, -691.93
1974.91, 197.23, -1188.00
1864.88, 233.50, -1088.47
1823.70, 228.36, -1101.69
1768.77, 247.34, -1078.55
1803.56, 206.33, -1255.70
2095.07, 214.16, -1314.31
2213.86, 224.97, -1188.32
2400.69, 210.68, -1128.93
2700.99, 244.77, -1261.41
2689.89, 243.17, -1217.00
2707.42, 245.68, -1152.87
2814.26, 261.96, -1280.69
2738.65, 271.66, -1434.09
2824.72, 272.17, -1448.30
2795.81, 271.61, -1484.58
2860.80, 273.58, -1607.19
2814.96, 264.19, -1680.31
2906.40, 245.70, -1817.89
2880.42, 267.05, -1839.79
2397.90, 286.23, -1582.33
2262.97, 274.76, -1735.80
2262.35, 260.59, -1505.06
2280.51, 249.95, -1458.50
2031.78, 229.58, -1555.16
1867.02, 197.58, -1550.36
1881.20, 196.54, -1561.46
1617.88, 247.12, -1586.93
1575.97, 253.09, -1649.38
1223.80, 264.56, -1668.61
1041.53, 200.82, 328.49
771.86, 201.89, 139.50
592.31, 199.15, 229.21
477.49, 196.17, 202.74
411.43, 204.14, 272.75
488.01, 216.28, 461.97
693.21, 249.81, 769.65
519.58, 208.15, 797.04
263.10, 216.91, 334.15
151.09, 203.86, 734.93
146.27, 218.20, 816.40
129.41, 217.42, 814.11
51.11, 264.21, 175.47
-353.44, 201.50, -703.17
-285.29, 201.03, -803.35
-168.16, 201.40, -1004.94
-106.16, 203.93, -982.58
-84.12, 205.52, -794.71
439.26, 207.38, -77.28
566.32, 201.55, 69.43
860.71, 207.69, -27.13
922.43, 246.75, -125.43
983.57, 257.02, -164.45
1627.50, 296.48, 373.34
1645.07, 259.06, 274.59
2386.39, 223.54, 386.71
2602.14, 230.57, 151.74
2735.88, 249.24, 162.74
2776.39, 207.95, 110.03
2938.22, 222.15, 291.95
2636.27, 207.95, -11.23
2760.89, 228.20, -151.78
2636.39, 206.00, -540.79
2623.56, 273.83, -436.81
2025.40, 211.56, -38.55
1581.64, 251.33, 13.10
1543.94, 229.95, 34.84
1450.22, 215.14, 17.71
1512.38, 227.63, 26.86
1555.87, 226.73, 20.26
1503.88, 250.31, -185.31
1249.35, 201.00, -32.10
1087.98, 201.67, -86.45
1236.39, 201.68, -217.57
781.57, 245.64, -238.12
544.16, 203.75, -616.26
1046.81, 405.38, -704.46
992.00, 341.14, -979.13
924.97, 411.13, -835.43
923.79, 201.93, -1155.71
1129.45, 383.40, -1007.52
1298.63, 303.01, -1076.68
1276.74, 273.83, -1219.68
1228.88, 262.54, -1489.63
1213.25, 257.50, -1522.46
1255.62, 262.54, -1507.44
1383.21, 270.02, -1174.34
1708.05, 238.61, -637.45
1738.54, 238.75, -651.32
1786.15, 245.89, -657.00
1909.55, 240.16, -340.51
2142.98, 233.81, -458.35
2211.07, 211.90, -514.34
2027.02, 198.01, -1224.69
1786.05, 247.96, -1141.88
1632.44, 259.96, -1344.54
1763.02, 215.36, -1378.21
2172.34, 237.63, -1292.39
2452.93, 210.95, -1285.36
2456.33, 267.42, -1517.63
2789.61, 266.80, -1219.27
2872.66, 264.63, -1522.21
2426.55, 299.69, -1643.09
2405.56, 291.29, -1565.37
2082.71, 232.16, -1527.69
1987.10, 221.15, -1463.41
1753.85, 196.51, -1520.02
1573.53, 253.09, -1632.33
1554.44, 253.29, -1632.18
1459.79, 263.61, -1566.15
1387.36, 270.91, -1657.30
1293.18, 267.53, -1656.66
1250.49, 262.93, -1647.82
