-4011.42, 226.66, -645.70
-3997.41, 201.29, -631.54
-3978.86, 202.17, -636.86
-3846.91, 128.55, -693.48
-3654.29, 185.39, -589.41
-3591.68, 220.19, -631.31
-3606.61, 122.81, -714.29
-3454.55, 201.07, -729.64
-3647.90, 122.29, -740.67
-3671.17, 124.69, -759.99
-3723.93, 113.53, -860.66
-3733.81, 127.92, -920.27
-3873.53, 115.40, -944.60
-3859.99, 122.28, -1004.34
-3894.61, 202.33, -1204.76
-3769.12, 201.00, -1382.89
-3749.02, 201.24, -1643.65
-3811.03, 201.52, -1770.18
-3854.87, 201.26, -2035.25
-3851.92, 201.66, -2052.77
-3864.44, 201.19, -2043.25
-3897.80, 211.72, -2073.37
-3941.60, 231.61, -2113.62
-3896.09, 212.70, -2082.47
-3823.09, 201.80, -2078.23
-3809.74, 238.89, -2124.75
-3792.74, 245.03, -2186.80
-3769.77, 241.37, -2160.93
-3748.66, 244.41, -2159.74
-3701.23, 202.90, -2095.71
-3718.03, 203.00, -2106.30
-3604.42, 215.65, -1971.57
-3507.82, 208.22, -2113.95
-3451.41, 206.55, -2148.38
-3406.91, 202.41, -2171.94
-3540.10, 229.09, -2258.87
-3544.47, 229.19, -2275.32
-3565.73, 229.31, -2271.17
-3508.93, 201.70, -2342.41
-3552.19, 238.51, -2329.26
-3659.03, 233.72, -2265.72
-3673.40, 205.17, -2248.64
-3695.58, 245.94, -2234.71
-3703.66, 251.78, -2357.26
-3831.26, 294.80, -2353.92
-3895.14, 201.51, -2282.35
-3978.69, 256.55, -2302.98
-4070.69, 202.57, -2165.15
-4072.72, 201.61, -2136.18
-4075.27, 202.65, -2163.64
-4069.01, 274.34, -2276.66
-4119.33, 202.34, -2348.17
-3982.72, 256.43, -2365.12
-3950.30, 361.44, -2433.18
-4024.07, 234.00, -2463.61
-4026.63, 201.00, -2567.86
-3998.60, 201.31, -2577.77
-3885.70, 239.56, -2542.21
-3806.37, 239.57, -2489.17
-3820.09, 219.00, -2578.77
-3804.33, 207.36, -2634.50
-3796.93, 217.00, -2575.91
-3737.43, 239.90, -2464.21
-3727.09, 240.74, -2450.20
-3639.48, 237.45, -2379.32
-3604.10, 201.36, -2440.55
-3595.13, 201.91, -2414.41
-3589.15, 210.15, -2377.93
-3592.09, 201.42, -2424.71
-3590.44, 201.40, -2451.48
-3567.48, 201.47, -2477.51
-3471.01, 201.00, -2402.67
-3434.88, 201.10, -2684.91
-3546.42, 203.28, -2803.05
-3579.96, 201.00, -2885.92
-3517.63, 200.59, -2933.44
-3369.16, 200.64, -3005.47
-3535.74, 201.00, -2997.51
-3623.44, 237.44, -3043.90
-3660.29, 283.46, -3089.74
-3722.26, 302.23, -3073.17
-3879.11, 219.09, -3028.09
-4028.67, 201.10, -3138.63
-4023.54, 201.10, -3193.01
-3967.07, 201.56, -3232.06
-3931.65, 201.50, -3323.53
-3830.06, 201.15, -3278.01
-3746.76, 201.06, -3361.31
-3738.75, 201.21, -3411.24
-3645.91, 201.94, -3352.82
-3635.47, 207.93, -3199.51
-3586.83, 250.32, -3236.83
-3555.70, 224.05, -3268.76
-3565.60, 209.15, -3298.51
-3488.07, 201.00, -3410.10
-3463.46, 201.47, -3422.49
-3394.82, 204.04, -3429.42
-3301.91, 203.89, -3260.70
-3316.86, 201.53, -3277.83
-3315.28, 201.00, -3379.19
-3183.89, 201.16, -3262.96
-3126.76, 202.37, -3260.06
-3182.83, 201.00, -3273.99
-3223.32, 201.04, -3313.05
-3235.25, 201.52, -3340.65
-3343.37, 201.35, -3580.22
-3320.18, 201.06, -3649.81
-3366.23, 201.14, -3661.45
-3346.21, 201.07, -3675.27
-3237.05, 201.00, -3898.89
-2637.98, 208.02, -4112.62
-2681.77, 208.20, -4171.36
-2516.60, 203.22, -4121.55
-2306.99, 201.00, -3633.40
-2308.23, 210.91, -3593.36
-2318.91, 201.00, -3567.20
-2302.31, 210.38, -3591.90
-2293.12, 214.06, -3606.43
-1861.88, 232.01, -4202.56
-1856.68, 201.00, -4279.62
-1819.05, 201.05, -4271.41
-1864.22, 201.00, -4293.74
-2114.52, 163.10, -4390.72
-2087.80, 201.88, -4651.52
-2242.86, 201.22, -4840.92
-2470.70, 200.99, -4680.44
-2408.35, 201.00, -4549.84
-2336.36, 211.56, -4399.89
-2622.13, 231.89, -4400.35
-2853.07, 201.00, -4563.98
-2766.75, 218.34, -4232.76
-2831.08, 205.33, -4122.04
-4263.24, 203.15, -3759.56
-4623.31, 201.39, -3997.62
-4688.11, 201.41, -3957.88
-4486.76, 201.75, -4314.14
-4666.24, 202.10, -4521.88
-4538.46, 202.83, -4580.33
-4358.53, 208.66, -4357.34
-4310.40, 201.61, -4493.60
-4242.73, 202.12, -4493.59
-4165.83, 201.53, -4333.92
-3220.25, 201.22, -3344.94
-3194.42, 209.41, -3394.75
-3285.19, 206.36, -3585.51
-3299.23, 210.44, -3563.20
-2700.33, 209.54, -4045.65
-2658.63, 211.69, -4210.18
-2271.27, 201.35, -3611.66
-1952.54, 201.12, -4230.80
-1887.20, 201.31, -4200.87
-1862.92, 208.11, -4183.00
-1846.52, 206.74, -4218.02
-1871.05, 224.28, -4228.75
-1885.76, 201.12, -4266.28
-1900.90, 201.22, -4288.12
-2095.41, 201.59, -4627.73
-2338.61, 201.14, -4508.82
-2432.59, 305.22, -4418.32
-2564.26, 227.80, -4348.20
-2828.40, 201.75, -4568.65
-2827.30, 201.53, -4548.63
-2931.42, 208.47, -4161.33
-2969.08, 203.32, -4121.35
-4386.22, 161.07, -3800.67
-4418.04, 161.23, -3804.09
-4363.74, 213.03, -4147.51
-4530.87, 201.74, -4242.25
-4541.12, 205.66, -4270.78
-4671.51, 206.68, -4503.86
-4622.47, 201.91, -4614.71
-4273.02, 201.48, -4423.95
-4270.90, 201.39, -4485.62
