977.67, 217.81, -12.38
875.78, 277.74, -161.81
861.74, 278.90, -218.66
760.75, 259.52, -348.34
783.96, 241.49, -245.85
699.24, 272.63, -114.34
547.71, 206.61, 173.31
385.63, 204.76, -63.35
317.65, 217.02, 120.81
245.10, 213.53, 76.98
107.49, 248.51, 131.86
-75.23, 270.57, 17.43
-2.72, 274.81, 110.37
-260.04, 248.19, 42.86
-267.58, 207.33, 147.60
-237.55, 267.90, 201.19
26.40, 277.61, 314.61
60.51, 265.03, 369.61
108.84, 243.36, 267.75
409.91, 204.95, 277.26
406.09, 210.66, 293.61
422.05, 213.45, 390.62
542.06, 204.10, 298.87
676.65, 212.01, 372.51
565.37, 210.76, 499.63
17.61, 229.81, 643.65
9.41, 259.36, 764.94
-275.23, 221.09, 781.14
-360.62, 221.90, 1097.26
-487.34, 223.14, 1040.95
-627.92, 232.72, 941.61
-601.27, 253.53, 765.26
-657.22, 213.16, 900.37
-890.35, 189.51, 826.40
-889.38, 213.93, 990.66
-766.83, 214.67, 1335.64
-1059.35, 216.21, 2249.28
-1077.48, 217.06, 2267.64
-1077.75, 224.32, 2298.88
-990.10, 235.69, 2363.29
-1069.24, 203.29, 2640.81
-1237.91, 179.43, 2956.24
-1337.21, 181.38, 3098.29
-1081.50, 277.04, 3099.08
-954.03, 252.95, 3020.03
-884.89, 230.53, 3048.28
-765.52, 249.14, 3466.82
-618.34, 172.53, 3551.89
-583.24, 168.27, 3548.11
-1174.00, 216.95, 3782.13
-1242.51, 228.90, 3971.64
-1040.41, 343.81, 3968.14
-1096.91, 341.82, 4012.55
-1043.67, 348.94, 4008.43
-354.87, 272.61, 3979.56
-360.98, 261.98, 3954.45
-369.21, 258.96, 3935.84
-53.64, 194.72, 3436.11
158.17, 258.51, 2868.53
205.89, 302.53, 2535.16
96.69, 264.97, 2458.05
-514.33, 203.12, 3006.99
-759.12, 214.73, 2794.72
-739.30, 209.67, 2738.28
-851.36, 206.03, 2618.49
-568.92, 181.44, 2567.56
-878.52, 195.12, 2209.36
-208.17, 209.06, 2472.44
-406.49, 284.88, 2169.92
-7.78, 406.11, 2058.95
-471.19, 240.40, 1273.39
-389.87, 339.95, 1341.51
-369.23, 343.98, 1348.88
-252.79, 345.84, 1576.66
-172.01, 300.60, 1532.11
116.45, 234.51, 872.49
365.22, 221.34, 1044.58
381.92, 230.82, 1040.45
536.32, 175.26, 1187.88
698.42, 220.35, 1339.79
1133.44, 229.56, 1084.03
1114.78, 208.81, 833.95
964.11, 226.84, 816.33
799.76, 213.73, 602.04
851.58, 215.94, 594.94
1033.65, 208.63, 397.23
1100.26, 205.41, 358.05
934.97, 214.58, 338.94
966.41, 212.20, 199.78
1119.58, 205.66, 300.07
1261.45, 202.58, 266.82
1252.96, 202.08, 220.66
1240.47, 203.84, 47.89
1471.34, 239.73, 117.76
1559.71, 220.53, 260.84
1508.90, 205.83, 318.92
1362.45, 207.31, 454.42
1430.60, 217.48, 643.08
1511.91, 242.22, 734.64
1699.43, 237.36, 810.44
1748.44, 244.51, 810.43
1568.45, 245.10, 502.40
1765.56, 295.08, 419.39
1514.46, 241.31, 46.44
1529.56, 236.49, 46.62
1692.64, 258.44, -101.24
1607.27, 246.94, -100.45
1617.61, 246.15, -133.14
1511.70, 269.51, -24.50
1572.80, 236.59, -183.20
2007.17, 263.63, -362.94
2289.35, 260.99, -368.11
2130.90, 224.12, -617.37
2089.01, 232.09, -633.53
2025.28, 207.64, -851.21
1836.57, 249.91, -731.75
1784.21, 238.46, -1119.74
1908.26, 230.60, -1092.25
2134.20, 209.70, -1040.16
2203.92, 213.02, -1048.40
2413.98, 212.06, -1238.11
2420.47, 209.64, -1252.64
2581.39, 221.13, -1230.48
2587.17, 220.45, -1263.68
2635.56, 240.44, -1194.05
2784.24, 264.38, -1296.69
2787.32, 299.17, -1613.97
2596.80, 232.58, -1552.45
2517.54, 272.08, -1472.93
2541.46, 218.45, -1403.24
2456.77, 224.18, -1369.05
2273.16, 245.50, -1367.97
1637.50, 251.14, -1295.89
1653.59, 258.37, -1372.69
1624.88, 249.68, -1595.62
1512.65, 247.05, -1574.59
1491.44, 253.25, -1569.26
1448.35, 245.45, -1520.48
1202.54, 258.83, -1482.54
1298.39, 259.14, -1514.60
1383.84, 273.56, -1647.11
1469.82, 267.44, -1717.07
1419.62, 289.11, -1815.23
1502.86, 311.60, -1934.34
1442.35, 311.21, -1931.39
1422.14, 322.64, -1974.55
1440.47, 335.45, -2118.51
1329.70, 284.63, -1791.68
1320.16, 285.37, -1778.88
1215.85, 267.57, -1668.85
-3132.85, 204.67, -3457.11
1685.86, 281.17, -6.82
1261.06, 204.87, -104.01
1505.47, 263.83, -133.55
1777.92, 211.23, -301.61
1900.73, 238.03, -316.89
1907.09, 250.22, -379.38
2421.94, 299.04, -200.78
2099.86, 229.51, -521.72
2024.36, 217.35, -766.51
1653.58, 268.29, -840.70
1608.81, 288.26, -1087.60
2172.01, 223.17, -1159.61
2520.51, 209.06, -1157.19
2474.21, 202.00, -1179.84
2770.91, 278.50, -1156.77
2556.16, 221.24, -1448.44
2401.45, 225.07, -1320.85
2165.60, 217.15, -1437.77
1759.06, 258.80, -1244.41
1742.94, 259.07, -1253.14
1756.57, 214.76, -1285.30
1658.97, 255.70, -1313.76
1617.91, 249.17, -1569.47
1456.30, 244.16, -1577.19
1435.16, 244.04, -1482.54
1393.55, 241.53, -1458.79
1292.72, 260.19, -1469.56
1241.13, 259.95, -1410.75
1243.17, 262.93, -1551.61
1325.02, 251.38, -1511.54
1335.15, 245.44, -1543.82
1406.55, 241.73, -1606.90
1490.99, 249.31, -1622.36
1588.95, 252.59, -1664.87
1442.17, 275.41, -1741.73
1565.14, 336.39, -2052.30
1490.50, 332.99, -1999.69
1347.08, 334.79, -2032.13
1345.64, 306.14, -1892.36
1225.28, 271.49, -1716.64
