-1597.07, 216.25, 2785.66
-1658.05, 205.26, 2277.68
-1719.85, 183.30, 2260.84
-1700.04, 184.30, 2111.21
-1694.29, 182.25, 2087.59
-1592.96, 123.99, 2091.19
-1607.04, 121.11, 2104.54
-1625.31, 118.22, 2111.94
-1571.40, 170.65, 2095.60
-1550.36, 159.29, 2130.84
-1561.22, 141.32, 2175.10
-1535.12, 157.29, 2235.74
-864.13, 168.65, 2121.41
-876.89, 164.44, 2149.16
-667.06, 240.84, 2229.58
-572.82, 285.35, 2221.06
-333.25, 284.62, 2097.86
-149.35, 307.76, 2119.66
-417.82, 282.91, 2197.96
-396.92, 208.54, 2319.54
-405.00, 205.97, 2336.75
-631.77, 224.22, 2329.17
-810.47, 133.18, 2449.09
-845.51, 192.50, 2569.18
-860.63, 200.51, 2580.25
-874.92, 207.43, 2591.00
-926.39, 208.52, 2536.80
-1008.20, 228.38, 2526.05
-1150.25, 188.35, 2939.09
-1156.81, 184.88, 2961.13
-1243.06, 213.87, 3105.82
-1214.86, 237.01, 3159.86
-1149.11, 239.23, 2959.36
-1119.88, 205.52, 2957.57
-1102.61, 205.67, 2953.68
-1073.50, 181.57, 2927.24
-989.61, 257.00, 3054.44
-909.98, 240.08, 3026.95
-918.01, 208.78, 2983.70
-920.86, 213.19, 2964.41
-910.00, 209.08, 2981.88
-819.87, 203.03, 2979.09
-795.04, 194.27, 3117.68
-813.40, 27.69, 3324.96
-829.85, 32.70, 3338.14
-844.95, 38.24, 3350.22
-842.74, 55.27, 3327.08
-830.81, 83.50, 3327.06
-836.01, 132.23, 3336.41
-812.59, 139.24, 3381.99
-768.97, 136.50, 3369.90
-744.81, 140.40, 3394.28
-763.77, 137.43, 3429.46
-718.64, 124.67, 3465.69
-621.44, 118.90, 3408.64
-588.84, 117.33, 3410.15
-636.47, 150.66, 3337.83
-615.26, 164.63, 3338.35
-607.57, 199.32, 3338.87
-621.75, 211.13, 3310.06
-611.17, 216.81, 3288.76
-489.52, 185.99, 3298.42
-185.62, 202.55, 2720.88
-261.50, 207.29, 2596.93
-251.76, 224.81, 2542.43
-206.53, 222.57, 2533.16
-196.15, 211.00, 2477.28
-149.57, 222.97, 2504.19
-67.38, 202.52, 2593.95
-25.19, 264.49, 2521.26
184.98, 234.64, 2428.72
306.41, 247.00, 2418.76
444.04, 276.34, 2422.97
466.32, 293.43, 2462.37
423.07, 289.09, 2441.21
389.36, 299.37, 2432.72
283.67, 336.33, 2559.97
248.91, 318.71, 2532.66
229.58, 305.19, 2504.78
242.87, 201.73, 2476.77
273.91, 201.04, 2511.10
138.75, 248.85, 2810.16
-120.89, 241.84, 2735.13
-34.94, 190.37, 2816.56
-18.66, 195.57, 2833.47
-9.21, 197.92, 2872.99
33.32, 250.38, 2922.03
90.53, 103.14, 2912.20
106.65, 100.05, 2935.17
221.15, 107.44, 2830.44
214.83, 90.81, 2939.34
240.36, 93.12, 2934.08
254.22, 94.89, 2989.75
233.97, 90.67, 3008.98
206.81, 88.20, 3025.53
49.50, 102.87, 2969.43
32.37, 102.79, 2961.97
43.58, 107.09, 2915.26
-13.83, 198.56, 2882.16
-22.44, 197.51, 2863.30
-64.49, 214.17, 2887.68
-103.94, 215.36, 2922.96
-86.42, 218.17, 2888.36
-61.73, 186.67, 2821.39
-179.15, 206.75, 2840.23
-294.90, 194.31, 3209.49
-148.53, 239.76, 3851.19
-165.23, 244.28, 3867.24
-154.32, 236.88, 3880.39
-165.34, 234.90, 3895.62
-89.87, 55.84, 3902.54
-264.21, 103.79, 3937.87
-287.78, 140.09, 3956.94
-303.88, 143.93, 3959.67
-318.06, 245.70, 3908.69
-315.04, 201.50, 3859.27
-593.60, 139.36, 3771.48
-583.01, 129.19, 3729.26
-580.43, 128.22, 3712.50
-551.91, 33.87, 3726.91
-586.71, 33.54, 3700.38
-653.32, 33.61, 3736.84
-989.50, 199.00, 3593.00
-766.20, 205.79, 3664.45
-726.53, 219.32, 3671.91
-667.89, 121.98, 3802.64
-654.06, 123.71, 3819.47
-719.29, 111.82, 3808.97
-676.30, 128.97, 3864.65
-619.37, 136.24, 3966.88
-1210.14, 213.22, 3507.28
-1294.03, 201.73, 3553.59
-1300.73, 195.43, 3577.54
-1700.69, 215.78, 3495.05
-1783.14, 107.54, 3375.86
-1862.93, 319.64, 4286.38
-813.74, -136.29, 4902.82
-831.31, -143.95, 4950.18
-887.95, -32.07, 5035.89
-511.69, -81.36, 5420.14
-462.40, -78.70, 5480.84
-361.86, -33.86, 5582.77
-343.87, -30.44, 5603.14
-731.18, 120.55, 6035.82
-757.54, 120.84, 6031.00
-1728.12, -1.02, 5833.80
-2100.45, 96.89, 5959.69
-2153.37, 72.65, 5990.41
-2137.61, -14.52, 5353.43
-2160.91, -9.04, 5374.65
-2221.60, -1.11, 5244.47
-2469.47, 57.31, 5374.87
-2526.57, 46.26, 5411.45
-2708.75, -82.44, 5358.56
-2740.88, -50.01, 5378.93
-2431.71, -44.18, 5736.66
-2261.87, -35.34, 5902.75
-2232.06, -98.18, 5991.40
-2354.03, -51.51, 5941.50
-2380.67, -51.67, 5907.48
-2400.86, -48.45, 5882.24
-2627.13, -3.66, 5894.46
-2676.50, -20.31, 5849.28
-2677.62, -20.66, 5833.99
-2619.75, -15.03, 5774.79
-2846.17, 78.64, 5809.78
-2990.94, 2.92, 4268.45
-170.89, 202.67, 2884.51
-124.34, 55.08, 3858.62
-90.01, 55.35, 3852.41
-130.71, 54.53, 3889.34
-119.28, 55.23, 3913.09
-168.94, 93.93, 3936.20
-199.78, 91.44, 3923.28
-274.47, 106.95, 3948.97
-327.68, 152.09, 3968.93
-345.77, 160.82, 3860.44
-381.67, 123.99, 3940.76
-615.37, 143.76, 3701.20
-595.00, 145.31, 3700.85
-577.99, 32.52, 3716.05
-608.33, 32.48, 3710.19
-633.82, 126.18, 3811.33
-662.10, 127.75, 3859.74
-649.60, 126.66, 3872.00
-1109.58, 191.14, 3609.51
-1765.90, 111.10, 3372.33
-1856.74, 380.26, 4187.58
-1825.10, 373.72, 4209.23
-1871.09, 383.00, 4223.18
-1869.93, 382.94, 4264.84
-1844.71, 379.63, 4276.19
-1849.72, 319.14, 4258.05
-1896.05, 317.04, 4308.10
-669.36, -52.41, 4413.46
-817.67, -46.00, 5082.69
-230.28, 109.08, 5473.63
-505.66, -50.54, 5493.16
-1120.65, -41.56, 5519.63
-1711.56, -0.67, 5836.59
-2254.77, -50.76, 5682.45
-2215.64, -42.18, 5676.78
-2171.76, 11.37, 5609.07
-2070.09, -31.70, 5655.72
-2114.87, -38.00, 5574.68
-2208.34, 2.51, 5383.10
-2716.59, -60.08, 5379.04
-2616.28, -6.52, 5701.00
-2241.87, -30.99, 5883.58
-2237.57, -51.70, 5965.21
-2198.76, -90.96, 5997.58
-2251.75, -95.81, 6015.93
-2269.88, -48.81, 6011.15
-2372.70, -42.42, 5968.51
-2353.15, -50.73, 5910.68
-2374.51, -51.26, 5918.26
-2403.33, -51.31, 5934.61
-2413.78, -24.79, 5894.50
-2567.25, 20.49, 5848.93
-2578.07, 2.69, 5901.65
-2598.41, -0.72, 5878.41
-2653.66, -13.79, 5746.97
-2678.47, -11.02, 5760.66
-2825.73, 76.67, 5814.28
-3023.56, 2.39, 4258.44
-3026.13, 3.22, 4284.58
