2621.43, 229.78, -1129.78
2631.08, 229.90, -1104.36
2685.97, 233.12, -1095.28
2746.21, 238.92, -1074.40
2686.65, 235.35, -1124.68
2680.78, 241.17, -1174.03
2749.12, 263.09, -1199.89
2808.75, 271.05, -1192.16
2941.14, 316.24, -1130.48
3000.28, 334.76, -1089.90
3062.62, 229.49, -947.10
3017.71, 307.57, -1174.26
2902.19, 271.91, -1240.90
2886.74, 271.04, -1262.19
2858.93, 277.38, -1224.01
2859.51, 271.61, -1262.27
2810.23, 263.12, -1251.43
2801.34, 262.06, -1289.56
2826.68, 263.55, -1284.40
2896.87, 268.98, -1354.46
2964.66, 267.24, -1339.11
2976.53, 263.14, -1373.11
2861.76, 272.73, -1442.48
2813.46, 272.11, -1448.38
2886.24, 264.94, -1488.51
2915.63, 256.66, -1490.76
2970.84, 241.39, -1718.99
2953.65, 241.02, -1693.13
2956.89, 242.31, -1654.90
2934.64, 256.37, -1597.79
2874.07, 273.84, -1542.46
2831.56, 277.33, -1506.75
2897.32, 256.64, -1610.46
2880.00, 256.94, -1622.56
2911.99, 251.71, -1667.66
2892.09, 253.12, -1672.32
2842.63, 262.75, -1682.47
2831.53, 255.74, -1728.45
2913.57, 236.62, -1793.76
2913.72, 248.73, -1855.87
2854.71, 260.36, -1867.85
2869.74, 259.22, -1819.26
2740.64, 259.50, -1672.65
2746.27, 260.06, -1652.93
2785.28, 294.60, -1554.40
2744.92, 282.79, -1558.43
2756.37, 274.95, -1522.46
2702.85, 275.15, -1526.20
2657.16, 268.66, -1583.79
2650.07, 200.10, -1628.35
2607.33, 251.38, -1631.88
2409.91, 285.62, -1564.24
2404.35, 287.42, -1580.92
2409.69, 296.41, -1626.34
2356.39, 286.09, -1579.81
2312.78, 276.42, -1633.07
2322.10, 287.24, -1766.39
2294.89, 279.89, -1777.70
2171.52, 249.60, -1655.82
2108.67, 234.38, -1678.04
2129.99, 203.68, -1749.83
2046.22, 221.31, -1701.28
2088.61, 223.52, -1643.68
2085.17, 224.22, -1607.22
2057.78, 229.27, -1535.79
2101.29, 232.27, -1557.59
2142.64, 223.51, -1487.87
2110.82, 227.49, -1408.79
2103.64, 223.03, -1331.73
2148.41, 237.44, -1300.56
2189.95, 227.50, -1360.34
2254.58, 239.29, -1382.17
2277.75, 243.72, -1382.00
2371.11, 256.40, -1235.53
2437.56, 206.01, -1249.81
2459.12, 200.62, -1219.87
2495.60, 209.20, -1257.43
2490.15, 216.39, -1296.78
2476.35, 219.62, -1343.62
2349.95, 254.16, -1428.37
2321.78, 255.20, -1429.11
2324.12, 258.69, -1463.14
2313.78, 268.61, -1506.08
2426.16, 269.44, -1461.93
2480.35, 268.39, -1489.83
2577.03, 215.03, -1388.74
2550.17, 219.91, -1418.61
2606.71, 224.54, -1489.27
2686.70, 282.64, -1419.04
2702.20, 284.97, -1409.87
2727.85, 258.28, -1322.15
2713.75, 260.36, -1336.95
2637.64, 225.61, -1403.42
2619.64, 227.13, -1326.67
2537.15, 215.01, -1273.25
2536.57, 209.03, -1223.18
2460.18, 209.93, -1122.85
2385.55, 212.60, -1106.78
2316.83, 213.27, -1158.79
2307.87, 218.67, -1076.26
2284.10, 207.62, -1108.44
2201.63, 209.22, -1068.93
2167.61, 226.44, -1239.03
2140.32, 214.11, -1209.08
2079.62, 207.36, -1107.46
1861.92, 249.67, -964.19
1947.38, 222.17, -909.04
2003.39, 208.49, -893.30
1990.74, 208.04, -855.79
2149.53, 209.08, -805.33
2320.88, 210.92, -953.38
2385.13, 214.12, -863.31
2282.38, 239.04, -496.53
2279.95, 241.28, -463.85
2334.74, 251.99, -471.56
2458.94, 211.57, -434.47
2466.64, 212.34, -416.63
2505.84, 255.13, -327.44
2437.97, 302.12, -320.19
2552.41, 289.80, -217.78
2534.73, 281.07, -147.35
2693.51, 291.74, -408.99
2733.47, 249.91, -374.37
2710.93, 250.81, -315.58
2684.47, 238.50, -189.22
2797.53, 217.16, -74.96
2792.93, 210.84, 218.51
2912.81, 208.25, 210.89
3062.89, 242.05, 464.72
2954.84, 216.95, 248.90
2909.09, 281.43, -25.23
2956.83, 280.78, -60.95
3039.49, 277.51, -192.37
2984.58, 265.91, -267.02
2821.02, 208.20, -18.03
2742.70, 207.83, 12.04
2702.72, 208.14, -16.11
2738.50, 231.67, 449.74
2511.25, 272.07, 576.68
2541.82, 210.85, 437.87
2438.62, 264.63, 350.44
2511.96, 206.54, 224.34
2407.05, 240.69, 124.81
2643.44, 208.95, -31.52
2609.77, 206.90, -57.10
2499.79, 209.55, -28.61
2218.80, 213.85, -74.76
2385.54, 289.95, -122.94
2265.67, 268.97, -279.06
2243.71, 271.32, -259.78
2197.08, 282.49, -304.46
2225.40, 290.88, -372.47
2202.87, 284.54, -387.88
2194.11, 237.65, -463.55
2050.03, 253.15, -492.86
2024.54, 227.79, -706.79
1966.94, 224.25, -738.21
1740.37, 254.15, -805.95
1743.96, 260.26, -759.83
1799.95, 244.20, -716.41
1780.35, 248.43, -627.82
1847.91, 249.72, -657.33
1875.34, 252.22, -590.92
1960.80, 224.15, -622.89
1830.14, 249.08, -547.84
1902.78, 246.31, -427.02
1852.44, 225.84, -407.93
1727.51, 208.89, -466.34
1667.92, 208.86, -398.06
1731.91, 212.99, -346.90
1813.44, 217.88, -349.97
1825.11, 205.93, -318.42
1915.84, 249.02, -374.26
2010.03, 258.93, -335.45
1978.17, 217.25, -159.31
2096.13, 225.70, 34.48
2028.43, 207.49, -39.18
1982.48, 238.46, -47.29
1753.58, 210.55, -292.89
1703.52, 202.79, -237.31
1708.89, 202.05, -219.06
1520.80, 248.26, -234.45
1511.54, 249.96, -215.82
1487.14, 262.68, -111.33
1496.13, 260.57, -129.43
1473.92, 252.02, -156.42
1442.15, 206.72, -57.68
1455.15, 212.05, -50.74
1528.52, 273.15, -61.15
1579.22, 259.74, -10.00
1617.48, 268.80, -33.82
1619.59, 235.99, 14.79
1622.50, 246.22, 29.74
1594.50, 247.60, 60.75
1621.60, 218.84, 104.79
1736.91, 204.49, 102.57
1798.99, 224.75, 110.32
1663.26, 246.65, 57.94
1630.97, 252.20, 47.44
1654.35, 228.68, 22.07
1670.62, 271.79, -19.08
1704.97, 270.71, -53.28
1634.84, 256.75, -85.57
1655.48, 248.18, -127.12
1690.24, 207.08, -226.91
1572.55, 242.23, -294.26
1506.43, 247.66, -250.19
1484.66, 242.30, -283.82
1259.31, 201.97, -75.27
1414.67, 212.26, 14.71
1396.73, 219.07, 44.74
2065.25, 213.80, -1074.31
2050.74, 212.09, -1053.42
2060.52, 207.62, -974.11
1992.68, 205.56, -1125.66
1875.23, 233.67, -907.88
1972.92, 219.30, -915.66
2024.26, 205.92, -891.40
1956.78, 220.36, -860.76
1948.12, 212.42, -839.16
2214.34, 221.81, -727.45
2386.23, 230.53, -761.08
2301.76, 245.81, -668.35
2276.61, 258.46, -364.11
2364.49, 280.33, -372.16
2382.75, 282.62, -368.46
2386.51, 276.01, -416.54
2528.68, 255.18, -368.06
2496.40, 313.48, -344.15
2493.55, 285.47, -203.39
2575.18, 270.42, -240.36
2635.19, 278.39, -338.12
2659.20, 263.38, -378.33
2684.25, 284.90, -231.03
2731.20, 214.77, -116.99
2768.39, 221.20, -113.97
2838.47, 212.35, 34.12
2840.22, 211.86, 54.62
2813.72, 210.14, 184.07
2841.79, 209.96, 227.53
2966.52, 291.93, 427.37
2884.03, 225.62, 638.89
3044.37, 224.33, 594.62
2983.53, 216.95, 183.99
3059.71, 285.71, -18.40
3066.34, 259.82, -618.64
2978.47, 265.43, -570.69
2922.44, 274.70, -482.95
2843.75, 306.37, -329.26
2808.22, 297.02, -301.74
2874.08, 288.16, -180.94
2755.20, 208.38, -11.96
2712.26, 207.98, 13.68
2623.52, 230.47, 87.61
2605.92, 230.62, 110.61
2638.82, 211.44, 280.12
2710.70, 208.62, 343.67
2663.68, 262.55, 632.96
2539.34, 208.23, 473.08
2577.90, 209.65, 349.44
2478.16, 225.51, 367.66
2462.97, 218.95, 412.36
2455.95, 221.63, 195.89
2439.19, 225.79, 165.24
2477.83, 218.92, -67.11
2347.80, 241.37, -4.94
2352.51, 235.51, -19.39
2198.81, 245.53, -27.62
2299.36, 284.94, -252.46
2209.64, 284.17, -403.68
2134.64, 226.02, -467.58
2075.84, 207.74, -690.46
1908.23, 215.83, -802.96
1773.26, 246.95, -750.91
1762.23, 249.85, -692.07
1800.23, 248.50, -614.55
1912.78, 249.77, -609.73
1912.21, 253.81, -585.50
1892.57, 250.95, -478.75
1846.01, 229.18, -444.32
1746.65, 215.74, -495.19
1644.72, 203.66, -370.38
1922.96, 247.27, -399.37
2003.14, 261.85, -356.34
2059.39, 261.19, -346.27
2103.84, 276.42, -361.26
2105.91, 277.82, -291.98
2067.16, 279.82, -122.15
2097.67, 223.16, -33.62
2121.43, 208.37, -6.66
1936.10, 237.66, -134.35
1898.47, 235.23, -309.61
1851.28, 219.69, -311.91
1800.30, 214.39, -265.59
1583.19, 235.70, -192.77
1590.70, 237.62, -157.14
1516.38, 250.70, -198.88
1519.83, 252.76, -179.64
1519.39, 257.24, -145.56
1517.22, 261.94, -126.56
1533.27, 263.99, -119.48
1530.74, 268.40, -98.85
1497.78, 266.59, -79.62
1516.80, 272.23, -78.25
1600.60, 251.06, 83.61
1615.98, 251.56, 83.25
1658.72, 201.05, 107.58
1786.33, 217.49, 50.96
1665.61, 226.43, 6.05
1653.95, 271.49, -4.65
1520.46, 243.78, -265.31
1459.25, 235.21, -235.85
1238.33, 204.22, -60.69
1424.67, 223.16, 92.26
1469.03, 236.11, 73.99
1465.15, 233.93, 106.99
1520.26, 239.60, 71.62
1421.88, 214.15, 26.46
1688.93, 255.46, 215.38
1629.60, 282.40, 339.69
1645.70, 285.53, 350.83
1507.93, 226.51, 544.88
1517.62, 241.72, 476.64
1802.78, 241.52, 487.11
1768.62, 256.26, 525.13
1792.65, 211.70, 583.32
1754.38, 212.04, 618.79
1882.75, 213.69, 722.43
1885.96, 213.33, 750.21
1901.12, 208.94, 764.49
1878.93, 208.56, 863.83
1712.09, 203.84, 919.51
1707.47, 207.00, 847.38
1589.53, 255.68, 697.15
1591.34, 241.80, 751.23
1528.00, 247.84, 712.92
1473.79, 225.29, 645.71
1313.78, 202.64, 1039.80
1264.28, 211.62, 1021.89
1256.33, 213.11, 1035.86
1222.38, 246.65, 1033.10
1249.05, 270.62, 1204.08
1140.48, 267.58, 1294.38
1002.74, 309.25, 1235.58
964.51, 270.02, 1341.46
784.04, 233.23, 1300.90
767.82, 234.24, 1284.63
644.17, 197.28, 1260.07
539.74, 182.69, 1159.56
192.44, 194.31, 1254.48
159.00, 187.25, 1264.44
120.95, 190.67, 1252.22
99.87, 220.86, 1151.63
69.83, 251.47, 1467.47
128.62, 293.54, 1524.08
30.76, 274.05, 1521.48
-509.65, 234.91, 1922.15
-483.57, 276.77, 1865.56
-458.26, 272.74, 1850.16
-99.09, 315.72, 1610.20
-112.20, 306.18, 1768.95
-250.82, 298.32, 1997.33
-159.79, 322.77, 2002.27
-131.37, 333.60, 1976.52
-101.62, 330.08, 1985.50
-104.00, 320.06, 1857.02
28.03, 258.57, 1684.63
153.45, 369.17, 1921.12
185.74, 328.31, 1852.90
251.21, 249.62, 1519.91
213.90, 252.62, 1482.36
-34.83, 234.30, 1233.17
-4.16, 224.43, 1229.37
11.14, 240.65, 1178.33
-133.26, 229.52, 1272.05
-138.83, 267.51, 1316.94
-207.18, 286.56, 1383.36
-375.79, 341.65, 1378.31
-395.15, 337.76, 1397.66
-414.88, 323.44, 1473.76
-570.98, 272.00, 1464.81
-590.09, 256.64, 1392.40
-428.03, 335.07, 1385.93
-670.68, 220.73, 1403.14
-643.58, 235.73, 1437.02
-777.58, 237.50, 1401.86
-761.17, 195.43, 1559.82
-755.10, 105.67, 1707.96
-819.37, 158.86, 1837.98
-625.07, 151.54, 1876.77
-586.11, 262.02, 2033.47
-581.78, 281.65, 2254.94
-598.91, 259.17, 2278.52
-669.89, 191.22, 2372.02
-676.82, 217.87, 2408.69
-727.86, 226.04, 2241.98
-773.88, 225.86, 2223.14
-1161.00, 245.32, 2316.00
-1051.39, 259.54, 2497.14
-958.64, 227.12, 2522.16
-922.68, 206.91, 2512.92
-1337.35, 243.18, 2484.32
-1406.00, 209.42, 2521.88
-1330.07, 251.69, 2518.97
-1312.02, 251.34, 2547.68
-1239.39, 256.83, 2630.56
-1235.32, 286.53, 2853.67
-1175.15, 295.99, 2855.96
-1061.29, 222.77, 2863.97
-979.49, 216.39, 2787.72
-911.13, 213.50, 2640.19
-636.35, 134.19, 2646.24
-586.45, 201.05, 2847.87
-786.71, 228.21, 2984.76
-630.17, 223.94, 3186.83
-581.97, 226.15, 3190.25
-563.63, 218.69, 3122.72
-464.70, 200.06, 3141.70
-491.87, 223.21, 3176.62
-470.49, 166.35, 3227.78
-615.34, 178.01, 3369.48
-645.26, 217.62, 3355.21
-728.45, 243.06, 3427.32
1555.29, 255.94, 137.89
1733.50, 251.83, 219.39
1618.53, 260.65, 252.47
1504.45, 207.92, 344.71
1474.92, 201.43, 320.16
1456.18, 248.00, 465.16
1811.53, 212.42, 571.50
1777.55, 223.58, 681.48
1894.14, 209.97, 869.29
1756.01, 218.96, 856.52
1752.60, 233.80, 684.17
1710.66, 241.39, 670.81
1725.55, 246.65, 638.19
1708.87, 247.85, 578.35
1681.07, 293.22, 575.74
1583.40, 290.67, 660.01
1540.72, 246.02, 722.30
1528.54, 229.55, 794.30
1270.47, 202.47, 961.02
1303.02, 224.20, 1102.37
1233.74, 234.89, 1078.50
1216.28, 263.53, 1075.08
917.91, 253.39, 1234.48
1014.07, 303.00, 1314.76
1015.01, 273.10, 1355.06
799.28, 313.49, 1373.10
540.10, 176.73, 1173.16
432.81, 256.90, 1149.18
388.76, 261.86, 1125.52
296.65, 200.00, 1343.67
182.09, 186.38, 1278.82
242.30, 231.34, 1136.38
226.78, 225.82, 1137.48
199.02, 219.50, 1115.59
61.56, 204.25, 1376.65
-68.25, 290.72, 1522.67
-376.55, 296.71, 1630.30
-451.87, 286.30, 1586.24
-502.55, 186.78, 1657.18
-522.05, 209.31, 1558.50
-175.22, 301.47, 1550.23
-224.93, 322.35, 1776.23
-175.57, 304.59, 1924.22
-19.48, 370.15, 2014.22
62.49, 429.12, 2007.74
-67.37, 309.50, 1907.95
-32.26, 275.46, 1614.61
22.35, 270.99, 1731.57
-3.35, 307.92, 1828.68
41.98, 340.55, 1881.51
99.90, 324.50, 1857.99
96.64, 295.13, 1778.90
252.84, 236.76, 1642.48
293.35, 234.63, 1599.95
289.81, 299.95, 1801.87
289.76, 326.58, 1880.36
306.11, 299.74, 1806.11
419.70, 283.85, 1644.01
388.65, 293.71, 1537.96
256.76, 245.13, 1483.94
217.81, 198.45, 1414.71
-4.57, 205.61, 1299.89
-169.65, 257.18, 1284.85
-288.13, 314.37, 1421.38
-241.54, 319.45, 1490.63
-468.68, 293.81, 1493.92
-578.75, 268.13, 1420.58
-523.18, 293.23, 1405.29
-527.63, 274.45, 1456.57
-363.16, 222.02, 1105.20
-539.04, 183.01, 1098.16
-774.37, 215.31, 1353.45
-746.25, 263.97, 1456.63
-621.87, 181.61, 1534.65
-708.41, 158.82, 1569.12
-712.84, 187.44, 1507.71
-808.79, 186.68, 1546.78
-818.63, 172.85, 1782.84
-821.23, 175.68, 1889.51
-863.85, 251.21, 1872.32
-624.64, 168.13, 1928.69
-942.78, 207.66, 2214.11
-909.65, 197.57, 2311.19
-923.27, 209.27, 2394.31
-1013.16, 234.00, 2411.51
-963.10, 231.28, 2430.56
-1132.40, 192.34, 2261.80
-1123.30, 254.76, 2267.17
-1191.91, 249.03, 2565.03
-1241.07, 223.27, 2702.70
-1225.56, 264.08, 2700.32
-1166.39, 283.87, 2794.73
-1148.12, 266.50, 2864.39
-772.23, 142.86, 2465.49
-755.77, 206.34, 2762.30
-853.75, 231.74, 2895.86
-714.47, 219.11, 3001.86
-774.57, 220.98, 3047.66
-729.58, 227.13, 3097.60
-654.96, 244.90, 3091.76
-536.84, 214.47, 3035.01
-552.82, 225.37, 3279.92
-567.32, 229.80, 3274.29
-447.41, 241.99, 3253.95
-561.73, 191.90, 3355.51
-678.54, 234.79, 3405.99
1389.81, 214.99, 66.42
1436.14, 212.16, 11.71
1558.34, 252.79, 73.76
1559.84, 215.05, 171.39
1598.39, 277.04, 223.93
1775.68, 257.30, 163.28
1448.91, 202.42, 342.66
1832.25, 212.58, 642.00
1814.18, 216.73, 682.98
1604.99, 317.29, 606.20
1657.80, 231.06, 737.10
1631.96, 236.18, 753.92
1249.59, 279.93, 1263.67
972.78, 307.18, 1264.13
982.63, 270.42, 1390.99
613.92, 201.69, 1273.88
342.79, 244.43, 1315.85
325.17, 258.99, 1419.59
222.42, 210.52, 1223.79
154.95, 192.20, 1236.57
185.27, 220.49, 1175.88
97.47, 212.43, 1186.32
87.29, 201.29, 1231.44
74.31, 209.57, 1202.79
56.96, 190.92, 1322.57
-188.25, 285.86, 1473.77
-411.05, 317.46, 1581.84
-582.76, 143.43, 1690.45
-523.00, 183.69, 1734.51
-501.91, 190.97, 1764.32
-426.01, 259.24, 1827.10
-286.09, 277.63, 1698.28
-151.89, 317.98, 1702.59
-191.27, 338.05, 1854.77
-6.66, 260.86, 1585.80
80.87, 277.06, 1701.53
-43.95, 300.41, 1759.91
160.32, 316.62, 1812.79
146.15, 272.41, 1622.90
186.37, 289.19, 1588.22
21.15, 224.51, 1206.29
-103.91, 264.54, 1374.80
-225.57, 278.94, 1287.58
-255.43, 287.15, 1289.79
-252.17, 285.53, 1347.37
-339.73, 321.17, 1389.11
-394.88, 327.87, 1495.83
-530.18, 259.13, 1538.12
-548.53, 265.32, 1360.80
-463.93, 320.40, 1423.16
-400.82, 341.98, 1336.30
-428.18, 183.01, 1117.42
-607.99, 167.91, 1147.58
-508.98, 234.44, 1288.12
-560.37, 224.44, 1275.52
-650.47, 207.10, 1223.03
-624.22, 244.25, 1442.80
-633.57, 251.98, 1413.41
-788.30, 239.42, 1384.55
-743.66, 247.71, 1416.03
-790.65, 129.02, 1616.75
-799.05, 114.90, 1729.99
-804.61, 169.65, 1912.66
-737.76, 101.44, 1900.44
-596.80, 265.40, 2049.75
-587.29, 274.14, 2069.73
-645.26, 218.81, 2416.58
-726.34, 239.71, 2331.93
-775.44, 163.51, 2284.06
-809.02, 162.93, 2310.58
-986.98, 238.82, 2277.04
-951.38, 211.48, 2338.43
-1113.54, 300.95, 2434.62
-1118.53, 282.25, 2469.01
-1093.33, 242.28, 2540.47
-1055.74, 237.34, 2647.23
-1082.54, 239.90, 2604.61
-1221.32, 203.95, 2644.14
-1321.31, 262.75, 2577.44
-1312.17, 251.61, 2619.51
-1280.19, 273.75, 2592.73
-1211.00, 266.49, 2731.03
-1033.98, 224.67, 2730.57
-942.49, 201.52, 2690.52
-743.73, 133.14, 2588.25
-642.80, 149.90, 2715.07
-701.01, 202.17, 2718.76
-747.96, 202.68, 2887.73
-574.81, 205.90, 2941.34
-595.67, 212.28, 2995.49
-817.64, 203.27, 3001.23
-776.31, 223.72, 3027.86
-695.60, 257.94, 3076.96
-485.80, 203.66, 3066.62
-530.39, 228.62, 3253.97
-448.95, 229.94, 3394.67
-837.09, 279.89, 3389.00
-740.05, 256.65, 3197.34
-855.75, 222.69, 3074.75
-1167.79, 178.64, 2976.91
-1185.83, 218.97, 3036.61
-1128.00, 274.99, 3043.84
-912.35, 389.52, 3192.05
-1041.36, 293.44, 3278.12
-1423.72, 207.05, 3140.55
-1414.70, 180.34, 3189.68
1573.15, 263.31, 97.61
1567.43, 271.37, 120.93
1576.53, 282.25, 147.68
1601.24, 285.10, 153.75
1707.61, 254.81, 252.01
1650.33, 272.29, 305.63
1457.50, 202.90, 372.54
1444.56, 230.26, 543.17
1409.43, 224.90, 582.22
1570.73, 288.53, 406.56
1709.93, 343.25, 502.63
1740.50, 249.04, 558.57
1838.87, 212.11, 570.81
1982.86, 292.32, 590.22
1872.60, 212.77, 741.23
1912.42, 210.80, 887.44
1858.32, 203.65, 905.31
1703.62, 244.49, 647.58
1364.58, 203.94, 651.42
1250.91, 201.75, 840.65
1246.02, 201.83, 910.06
1267.06, 224.65, 1065.18
1041.91, 306.42, 1333.09
896.22, 368.38, 1367.74
470.01, 264.25, 1183.60
348.16, 261.85, 1361.54
141.39, 187.46, 1263.14
163.73, 206.05, 1165.19
133.74, 214.29, 1161.49
82.91, 188.68, 1274.52
32.44, 248.98, 1408.47
33.90, 260.48, 1469.21
-13.72, 276.35, 1476.29
-121.16, 282.47, 1461.09
-184.11, 281.73, 1449.88
-249.12, 343.86, 1582.61
-283.20, 295.97, 1627.31
-553.56, 211.33, 1555.80
-546.38, 184.50, 1581.79
-576.58, 176.01, 1621.66
-305.98, 271.10, 1703.33
-136.90, 330.11, 1565.40
-196.31, 297.85, 1999.62
-130.75, 323.12, 2022.83
-69.99, 346.68, 2098.24
-61.64, 302.62, 1658.25
-1.68, 259.97, 1616.98
180.80, 308.59, 1812.32
219.46, 293.41, 1699.24
177.44, 283.05, 1635.63
297.40, 291.98, 1749.11
271.73, 246.48, 1557.87
287.75, 186.45, 1434.39
35.84, 198.78, 1258.02
-9.54, 265.42, 1156.74
-147.58, 215.69, 1215.89
-221.97, 279.15, 1342.16
-304.42, 320.05, 1480.31
-381.56, 343.80, 1468.60
-441.30, 312.50, 1480.54
-367.67, 224.10, 1168.40
-593.85, 207.40, 1217.10
-537.15, 225.37, 1257.21
-725.85, 209.04, 1275.43
-692.04, 260.33, 1456.30
-635.48, 158.63, 1586.47
-759.32, 193.90, 1514.44
-785.52, 255.59, 1486.73
-816.15, 276.22, 1532.75
-578.77, 229.33, 1962.78
-607.15, 285.69, 2231.76
-1026.18, 255.46, 2235.92
-997.95, 232.75, 2372.47
-1073.35, 255.95, 2373.04
-1119.63, 258.39, 2220.69
-1066.27, 272.32, 2440.03
-1188.09, 252.22, 2591.25
-999.70, 232.49, 2482.10
-1044.20, 231.94, 2565.25
-1071.77, 237.22, 2588.60
-1295.68, 162.56, 2404.52
-1367.49, 258.24, 2525.68
-1151.19, 280.18, 2797.20
-1174.43, 283.25, 2866.74
-983.23, 211.16, 2830.69
-901.63, 199.92, 2542.14
-868.79, 191.85, 2500.49
-737.67, 162.13, 2483.60
-696.09, 133.52, 2624.61
-625.33, 174.91, 2614.60
-642.49, 149.64, 2682.14
-670.11, 138.21, 2675.74
-716.12, 166.67, 2671.73
-738.52, 218.59, 2712.01
-671.08, 210.12, 2787.66
-828.56, 201.83, 2850.22
-556.20, 202.61, 2988.66
-585.22, 218.43, 3138.05
-509.06, 210.12, 3046.41
-403.06, 206.84, 3413.58
-522.17, 203.47, 3459.22
-563.72, 179.85, 3442.03
-733.75, 251.33, 3394.20
-753.46, 240.87, 3455.84
-867.93, 284.38, 3400.14
-767.81, 300.90, 3259.31
-774.22, 258.74, 3399.50
-898.19, 333.82, 3365.81
-792.77, 295.99, 3204.11
-1175.89, 226.97, 3062.90
-1089.91, 265.91, 3034.82
-970.61, 336.01, 3128.62
-999.23, 309.14, 3303.79
-1074.03, 289.46, 3249.75
-1101.95, 284.83, 3138.97
-1127.74, 281.20, 3153.04
-1152.70, 251.28, 3126.58
-1208.09, 242.59, 3208.64
-1301.01, 268.72, 2920.56
-1565.19, 202.36, 2674.39
-1509.16, 234.77, 2562.55
-1714.52, 202.97, 2667.13
-1878.89, 258.53, 2731.52
-1896.16, 264.07, 2767.69
-1564.03, 259.99, 2993.05
-1584.33, 264.20, 3000.61
-1602.69, 247.69, 3088.53
-1340.06, 227.52, 3278.75
-1271.29, 152.12, 3417.26
-1188.31, 253.10, 3432.48
-1225.48, 207.41, 3496.07
-1244.81, 240.81, 3737.48
-1490.27, 200.86, 3495.23
-1944.97, 218.10, 3182.55
-1748.74, 242.94, 3488.43
-939.96, 248.85, 3874.14
-776.34, 183.94, 3758.98
-688.45, 248.16, 3703.50
-642.49, 174.73, 3657.35
-609.60, 141.25, 3714.91
-564.89, 166.36, 3996.79
-462.13, 202.19, 3797.71
-185.98, 241.49, 3727.80
-257.19, 287.13, 3666.85
-147.60, 270.92, 3417.53
-56.27, 304.79, 3279.85
-248.58, 200.54, 3078.67
145.27, 260.39, 2890.13
-530.76, 212.25, 2762.31
-560.74, 219.60, 2698.66
-382.81, 232.46, 2583.85
-282.96, 248.61, 2753.04
-190.31, 201.86, 2690.07
-35.67, 265.11, 2517.75
-50.94, 226.92, 2461.75
-13.46, 300.09, 2301.47
-23.49, 336.74, 2188.73
-165.94, 232.15, 2367.29
-223.83, 211.37, 2435.79
-714.89, 249.59, 2052.75
-775.71, 184.11, 2010.45
-889.48, 245.19, 2020.96
-1612.19, 442.59, 2071.49
-1390.12, 120.62, 2413.77
-1287.58, 329.72, 2041.68
-1194.33, 281.46, 2160.09
-1060.91, 304.21, 1763.47
-1018.43, 273.65, 1710.76
-1019.52, 258.46, 1607.09
-974.92, 231.86, 1441.90
-712.25, 167.65, 907.82
-642.07, 245.82, 757.39
-717.21, 233.61, 383.35
-590.17, 346.19, 592.26
-570.83, 352.49, 594.10
-475.82, 182.28, 888.96
-429.46, 338.04, 570.94
-399.77, 325.06, 571.75
-416.85, 216.85, 817.09
-470.48, 227.16, 983.79
-427.74, 248.86, 1008.84
125.83, 260.43, 986.46
399.55, 225.69, 1024.81
809.51, 252.30, 1033.60
498.93, 214.52, 487.07
598.79, 202.63, 390.74
396.52, 214.55, 233.79
300.47, 219.60, 308.27
366.02, 217.82, 238.06
297.76, 218.94, 168.96
-126.30, 201.55, -608.63
86.17, 248.54, 108.08
56.93, 272.20, 56.65
11.90, 268.10, 26.31
65.38, 267.37, 130.66
122.78, 243.26, 296.32
-199.34, 398.51, 395.63
254.62, 224.40, 432.56
260.41, 226.48, 399.53
-55.45, 332.22, 778.14
-37.33, 322.85, 804.10
288.98, 208.06, 696.23
321.24, 246.21, 744.39
384.87, 181.70, 848.94
456.85, 214.51, 898.08
679.49, 248.63, 915.73
730.50, 217.67, 869.08
758.12, 271.56, 994.48
451.06, 334.15, 1316.64
596.49, 248.52, 1506.49
556.56, 249.64, 1531.21
646.02, 298.25, 1480.54
-661.86, 231.77, 3241.61
-1032.60, 275.56, 2929.76
-1443.86, 257.20, 3069.63
-1362.52, 292.28, 2890.74
-1418.67, 234.33, 2764.46
-1578.08, 206.78, 2547.24
-1910.97, 250.46, 2811.99
-1820.72, 276.55, 2809.09
-1766.12, 230.24, 2959.52
-1650.92, 232.93, 2848.14
-1493.07, 177.58, 3211.49
-1400.21, 193.72, 3323.24
-817.01, 226.91, 3609.35
-1471.64, 163.98, 3394.49
-1599.40, 150.71, 3411.95
-1531.55, 179.53, 3331.77
-1799.22, 351.08, 3623.25
-1362.38, 274.59, 3872.61
-1052.38, 261.13, 3860.56
-1009.64, 271.16, 3908.55
-757.53, 208.27, 3680.47
-719.18, 219.17, 3630.62
-669.58, 215.12, 3641.18
-341.93, 225.08, 3770.23
-358.17, 231.32, 3890.26
-250.66, 359.32, 4060.70
-180.43, 228.36, 3942.72
-210.32, 286.14, 3663.19
-239.21, 253.25, 3195.18
-52.93, 263.98, 2889.77
-75.53, 281.83, 2827.20
83.69, 247.69, 2881.77
-228.45, 212.54, 2904.07
-310.42, 201.22, 2937.49
-511.06, 201.19, 2935.97
-482.56, 232.72, 2661.62
-529.50, 219.48, 2654.69
-388.45, 177.59, 2507.51
-233.25, 207.02, 2472.50
-178.27, 215.90, 2543.51
-322.37, 235.72, 2659.19
-90.87, 221.60, 2632.92
-47.67, 203.16, 2628.24
-4.48, 171.72, 2639.97
-76.06, 227.91, 2559.00
-4.76, 237.19, 2450.80
-675.05, 157.12, 2009.45
-731.48, 125.79, 1996.86
-842.21, 223.86, 2028.02
-881.49, 172.78, 1923.19
-936.94, 206.88, 1882.92
-918.10, 221.34, 1621.14
-1002.96, 258.77, 1691.37
-1518.76, 387.71, 2188.30
-1558.35, 182.85, 2122.88
-1691.77, 455.61, 2241.57
-1248.11, 341.45, 1996.29
-1243.02, 328.75, 2022.82
-1186.58, 197.61, 2178.63
-1092.05, 203.71, 2180.95
-926.75, 156.34, 1374.21
-780.48, 198.60, 1197.37
-738.81, 199.88, 1183.16
-762.24, 168.13, 1001.85
-699.95, 219.21, 734.44
-876.55, 202.54, 759.08
-723.50, 218.83, 657.07
-654.28, 315.10, 609.19
-592.90, 369.70, 512.62
-400.87, 245.40, 720.24
-288.01, 211.50, 1074.53
43.84, 224.19, 1158.21
89.84, 226.36, 1098.12
75.29, 230.85, 1033.54
664.21, 232.78, 1048.32
636.20, 226.26, 800.38
627.02, 217.84, 695.50
531.43, 209.40, 458.83
645.23, 208.51, 385.92
653.12, 203.39, 237.26
679.89, 204.44, 191.43
388.13, 216.51, 206.14
206.17, 239.68, 152.33
200.54, 243.76, 91.12
-347.73, 202.65, -724.13
-294.56, 202.21, -619.50
78.14, 283.84, 35.27
-27.54, 263.35, 5.76
-64.28, 267.74, 23.97
-97.55, 269.38, 5.21
38.95, 265.76, 164.94
-27.64, 270.96, 298.05
-58.46, 288.47, 155.66
-159.29, 282.76, 259.26
-184.07, 282.95, 229.23
402.69, 203.49, 475.63
-112.86, 301.67, 701.03
21.16, 297.12, 871.57
400.76, 234.56, 776.08
600.05, 230.12, 757.04
698.09, 299.39, 1376.70
439.76, 235.11, 1684.59
777.62, 360.38, 1894.47
794.20, 252.87, 1621.01
1339.82, 271.54, 1396.60
1450.60, 230.26, 1405.05
-1561.65, 204.35, 2581.30
-1935.69, 207.34, 2947.46
-1776.08, 249.78, 2904.98
-1510.54, 239.01, 2892.33
-1008.18, 184.67, 3594.70
-1190.07, 239.96, 3526.59
-1246.03, 242.49, 3695.94
-1303.66, 271.20, 3749.95
-1501.13, 235.26, 3587.01
-1519.36, 167.11, 3385.12
-1964.17, 464.47, 3659.11
-1779.22, 337.64, 3532.53
-1339.23, 246.92, 3785.86
-539.03, 170.11, 3553.61
-822.37, 220.10, 3862.92
-861.29, 205.88, 4047.12
-802.33, 176.97, 4072.88
-783.59, 170.27, 4059.14
-184.66, 242.09, 3567.09
-404.48, 204.91, 3656.15
-90.82, 250.63, 2948.62
418.14, 302.74, 2477.19
321.75, 406.05, 2448.86
-271.40, 241.81, 2901.28
-248.31, 201.92, 2954.84
-429.94, 242.26, 2622.24
-525.30, 182.12, 2414.52
-216.68, 223.81, 2549.07
-320.26, 247.21, 2799.66
-92.39, 323.05, 2211.44
-206.00, 302.58, 2172.60
-239.51, 208.46, 2409.07
-356.62, 276.09, 2146.54
-643.37, 353.93, 2059.88
-818.19, 196.14, 2018.62
-846.46, 282.98, 2066.30
-907.65, 201.69, 1925.46
-924.46, 252.64, 2009.09
-998.23, 278.82, 1948.03
-890.26, 190.24, 1757.40
-835.16, 156.66, 1633.91
-1020.06, 255.78, 1796.23
-1527.19, 368.64, 2069.64
-1561.16, 118.81, 2136.86
-1784.76, 321.01, 2146.58
-1307.32, 303.12, 2148.74
-1214.63, 296.00, 2108.01
-1063.98, 271.29, 2159.24
-1015.21, 286.01, 1667.80
-925.90, 168.21, 1197.45
-945.82, 222.13, 1040.20
-889.00, 208.27, 1021.08
-838.84, 215.39, 1004.12
-723.86, 165.91, 1040.95
-634.12, 187.12, 1060.30
-998.95, 196.51, 862.49
-1022.27, 262.04, 768.58
-864.65, 214.40, 675.15
-493.83, 398.66, 639.50
-497.54, 249.15, 745.05
-404.78, 256.24, 688.32
-431.32, 227.79, 796.82
-329.88, 281.06, 979.06
-334.38, 273.77, 1029.38
136.94, 233.46, 1065.44
203.47, 235.44, 1071.25
862.64, 266.24, 854.05
808.27, 237.53, 799.68
501.48, 202.75, 666.03
648.67, 206.77, 405.37
772.11, 259.96, -77.10
753.50, 229.32, -61.44
586.55, 206.24, -84.64
526.75, 203.60, 167.18
526.43, 201.24, 135.85
436.01, 202.64, 105.47
353.25, 217.63, 286.91
371.06, 217.94, 184.56
186.15, 234.72, 281.04
201.10, 203.66, 2.33
-299.05, 242.42, -1008.88
-346.63, 203.25, -641.54
-54.28, 201.73, -111.71
-121.34, 252.56, -40.77
2.59, 271.21, 91.85
-213.36, 440.21, 351.67
1.97, 246.76, 481.44
378.68, 202.28, 492.88
290.34, 204.17, 510.84
257.07, 202.43, 543.56
-209.48, 338.35, 641.92
422.37, 203.51, 681.07
455.33, 204.90, 734.10
475.25, 339.00, 1459.45
621.46, 352.36, 1947.73
501.58, 296.89, 1992.60
503.89, 328.92, 1839.63
583.86, 375.40, 1804.84
825.29, 318.46, 1576.14
1006.98, 270.20, 1433.72
1547.50, 225.00, 1233.39
1506.79, 210.68, 1120.97
1454.43, 222.12, 1160.00
1426.02, 226.49, 1157.63
1232.46, 266.90, 1176.13
964.49, 286.88, 1151.96
-1034.35, 297.22, 2963.36
-1235.60, 245.82, 2914.55
-1516.52, 205.24, 2683.14
-1506.35, 223.79, 2547.64
-1541.13, 206.66, 2572.23
-1661.82, 205.12, 2548.92
-1768.32, 243.81, 2735.86
-1611.42, 274.46, 3021.07
-1397.24, 199.06, 3269.32
-1248.17, 183.45, 3451.59
-1239.62, 203.45, 3379.26
-1069.94, 189.71, 3638.51
-1462.04, 270.10, 3560.07
-1574.10, 271.45, 3557.22
-1869.95, 158.09, 3246.44
-1960.91, 376.81, 3483.77
-1825.98, 337.56, 3819.36
-1787.08, 340.05, 3804.46
-1665.70, 332.90, 3720.44
-1612.36, 287.79, 3743.00
-1519.40, 240.34, 3766.47
-1466.66, 245.94, 3777.62
-1298.36, 234.36, 3786.75
-907.67, 224.30, 3870.15
-576.90, 167.33, 3512.62
-548.67, 157.13, 3596.24
-553.55, 159.87, 3859.78
-499.52, 222.64, 3931.24
-211.68, 229.96, 3863.90
-117.17, 284.08, 3776.89
-183.47, 238.86, 3705.82
-287.67, 246.29, 3636.18
-124.07, 270.43, 3191.04
-155.33, 255.01, 3202.75
-232.22, 228.11, 3125.10
-265.20, 219.01, 3102.59
-60.72, 205.65, 3031.54
91.34, 248.11, 2916.39
-48.30, 274.87, 2727.93
-89.45, 275.70, 2731.36
-220.47, 202.45, 2851.66
-355.32, 201.46, 2952.81
-436.78, 244.78, 2834.48
-579.09, 206.92, 2739.21
-587.02, 136.75, 2509.69
-302.04, 230.49, 2689.35
-29.77, 268.47, 2410.93
-150.29, 308.45, 2168.88
-165.12, 309.21, 2133.05
-236.08, 212.09, 2367.09
-412.33, 284.74, 2174.54
-621.62, 359.36, 2071.27
-669.93, 356.95, 2056.02
-634.90, 237.36, 2033.00
-606.00, 235.09, 2025.01
-657.75, 165.11, 1958.03
-722.14, 126.73, 1984.59
-1024.99, 257.49, 1896.41
-868.65, 199.85, 1583.15
-1012.21, 256.66, 1788.12
-1044.85, 274.51, 1852.35
-1660.90, 316.93, 2382.51
-1449.52, 158.93, 2331.07
-1360.94, 141.70, 2353.07
-1113.65, 291.11, 2098.58
-1043.22, 300.22, 1900.94
-1053.20, 292.56, 1782.36
-973.44, 262.21, 1613.87
-975.02, 242.35, 1418.81
-989.80, 251.38, 1457.38
-958.42, 215.55, 1199.26
-926.20, 206.06, 816.53
-966.27, 198.10, 782.04
-733.34, 219.59, 668.93
-860.36, 285.70, -53.23
-373.47, 322.58, 568.75
-379.12, 217.89, 850.05
2.89, 246.56, 1138.19
293.15, 222.03, 1034.94
483.98, 222.86, 1087.17
595.45, 241.48, 992.48
666.25, 165.05, 1118.84
896.32, 233.15, 883.17
632.48, 201.12, 625.75
470.16, 217.00, 473.93
644.86, 204.74, 356.32
782.32, 238.05, -71.35
575.72, 201.03, 92.22
312.65, 216.82, 333.39
205.27, 223.66, 311.44
200.46, 230.35, 271.86
163.25, 236.54, 190.57
201.30, 229.68, 184.76
-159.42, 204.16, -436.65
105.49, 250.28, 111.55
34.19, 273.39, 41.95
-12.29, 264.82, -18.40
-105.21, 276.75, 42.40
16.37, 271.31, 102.17
83.13, 252.47, 301.91
-92.08, 313.96, 184.67
-114.92, 321.99, 192.37
-204.90, 276.76, 249.60
-191.57, 485.38, 319.57
-27.18, 251.27, 516.05
374.33, 203.58, 479.75
-801.42, 309.69, 3256.69
-1010.64, 265.74, 2978.85
-1058.47, 204.18, 2918.71
-1075.57, 265.02, 3049.35
-1039.47, 270.32, 3087.88
-1420.61, 232.95, 2958.48
-1440.73, 245.08, 2804.72
-1597.83, 201.76, 2559.88
-1931.85, 255.32, 2752.79
-1831.99, 265.05, 2853.11
-1683.51, 239.66, 2779.58
-1549.90, 230.46, 2828.50
-1679.30, 229.79, 2922.08
-1357.07, 153.43, 3381.27
-873.65, 240.83, 3491.91
-804.55, 238.22, 3555.92
-1039.17, 196.96, 3560.81
-1935.22, 294.98, 3405.86
-1684.23, 339.15, 3612.17
-1526.97, 254.85, 3844.73
-1225.90, 226.60, 3776.72
-986.17, 374.22, 4002.34
-600.61, 166.65, 3553.92
-540.29, 194.12, 3749.51
-863.89, 215.55, 4020.66
-828.72, 191.28, 4059.12
-1152.09, -42.86, 5502.65
-301.04, 223.50, 3823.89
-232.24, 362.28, 4034.54
-273.43, 273.13, 3709.93
-338.71, 217.71, 3631.06
-427.49, 214.43, 3173.86
-16.76, 267.90, 3018.28
-20.65, 266.25, 2914.67
60.68, 248.37, 2841.46
122.13, 247.99, 2831.60
481.26, 278.90, 2440.40
71.06, 244.70, 2498.07
-130.06, 252.42, 2813.68
-154.64, 241.48, 2892.73
-191.99, 202.93, 2831.41
-466.63, 209.98, 2864.94
-463.10, 231.45, 2819.17
-484.25, 224.02, 2631.24
-500.25, 180.38, 2397.26
-391.03, 212.58, 2470.17
-139.85, 307.74, 2122.76
-954.16, 224.47, 1911.81
-1033.56, 273.27, 1738.33
-1486.00, 360.19, 2133.17
-1405.30, 334.23, 2110.49
-1642.74, 498.57, 2153.00
-1669.77, 338.63, 2335.29
-1310.65, 325.86, 2019.07
-1056.65, 314.46, 1718.51
-840.65, 157.34, 1337.28
-870.76, 172.76, 873.99
-655.84, 223.76, 668.92
-612.85, 364.73, 539.19
-509.90, 410.10, 597.96
-591.52, 338.52, 623.44
-596.17, 323.51, 623.16
-440.57, 211.98, 853.30
-382.52, 250.12, 699.01
-229.63, 197.41, 1070.59
67.56, 221.18, 1156.87
12.52, 244.62, 1073.89
236.91, 237.56, 1042.18
257.45, 240.90, 1067.98
263.14, 228.49, 1103.03
482.27, 230.43, 1040.66
488.06, 226.52, 997.83
543.77, 191.98, 1018.20
893.29, 229.83, 901.06
526.49, 201.31, 517.68
506.06, 215.70, 425.70
698.72, 202.36, -28.26
639.92, 273.73, -157.55
407.55, 202.87, -110.39
282.84, 222.90, 239.67
239.19, 214.49, 318.08
262.74, 202.00, -75.45
80.45, 245.83, 8.85
-81.44, 265.13, -0.73
-185.12, 239.25, -74.57
-210.49, 267.61, 18.93
-21.73, 274.04, 84.90
-17.13, 271.97, 261.59
-68.13, 305.54, 191.28
310.04, 218.89, 382.01
348.45, 227.17, 367.02
-166.77, 340.55, 623.26
-6.93, 254.37, 733.76
-138.90, 187.56, 881.58
-23.96, 273.05, 838.60
-25.70, 301.84, 867.03
52.15, 237.56, 874.23
251.39, 225.17, 894.38
288.79, 228.64, 800.61
833.00, 244.76, 909.80
508.89, 351.30, 1328.73
360.88, 337.85, 1955.48
457.92, 314.57, 1877.29
664.22, 231.94, 1731.97
842.92, 231.80, 1688.77
1023.61, 252.87, 1641.38
-935.34, 380.42, 3246.23
-1257.45, 235.84, 3234.66
-1261.77, 270.64, 2916.00
-1461.36, 203.47, 2685.03
-1586.01, 203.71, 2637.51
-1680.05, 236.55, 2708.05
-1761.73, 205.50, 2683.72
-1640.81, 218.11, 2977.90
-1522.53, 252.53, 2985.84
-1196.87, 262.27, 3324.88
-789.62, 190.03, 3640.96
-1295.03, 209.13, 3527.53
-1255.87, 256.25, 3661.26
-1362.03, 287.39, 3746.59
-1575.27, 127.79, 3335.92
-1616.06, 121.04, 3246.95
-1609.82, 139.25, 3221.75
-1820.10, 128.55, 3325.93
-1866.75, 225.90, 3393.21
-1711.43, 305.50, 3678.49
-1749.92, 311.24, 3642.97
-1769.61, 305.14, 3670.12
-1727.04, 310.30, 3711.53
-1352.50, 270.58, 3829.40
-1141.52, 196.73, 3802.04
-998.60, 285.48, 3928.04
-764.65, 181.56, 3729.00
-599.40, 170.16, 3638.69
-552.97, 168.51, 3540.85
-488.69, 157.19, 3582.59
-783.40, 205.16, 3855.65
-753.35, 151.13, 4004.14
-462.09, 224.82, 3918.94
-170.01, 222.04, 3992.07
-334.11, 236.83, 3688.82
-213.39, 210.93, 3659.68
-294.64, 223.58, 3607.49
-451.62, 199.94, 3667.26
-65.71, 247.00, 3411.18
-116.00, 359.14, 3310.44
-138.75, 268.14, 3175.72
-217.78, 232.22, 3159.79
-561.89, 203.29, 2587.56
-439.18, 188.92, 2371.07
-331.18, 208.08, 2533.88
-268.80, 188.03, 2510.59
-317.13, 144.40, 2431.22
-272.52, 163.00, 2432.56
-192.52, 209.18, 2467.66
-198.71, 218.74, 2513.74
-268.87, 207.35, 2596.18
-332.26, 248.93, 2773.57
-8.85, 302.95, 2260.31
-198.64, 196.65, 2389.12
-253.54, 217.59, 2346.28
-289.54, 227.41, 2278.05
-351.05, 192.30, 2349.57
-557.84, 345.73, 2059.05
-730.46, 196.32, 2026.98
-789.34, 155.81, 2005.80
-889.24, 228.02, 2010.85
-917.56, 195.25, 1808.98
-843.89, 192.19, 1585.16
-1363.98, 436.97, 1946.92
-1672.42, 179.03, 2071.15
-1550.41, 352.50, 2288.90
-1386.31, 192.45, 2261.35
-1220.54, 318.80, 2036.74
-1042.30, 302.18, 1861.87
-1015.62, 262.95, 1419.22
-974.51, 236.98, 1327.13
-1018.31, 238.91, 1228.60
-732.24, 228.80, 973.94
-599.18, 214.38, 996.43
-624.23, 229.87, 863.47
-591.58, 211.28, 896.01
-315.74, 341.60, 603.99
-363.68, 242.47, 756.05
606.95, 277.24, 1067.07
410.98, 203.27, 597.26
602.86, 207.16, 497.80
683.12, 201.76, 499.13
798.00, 201.82, -22.79
692.87, 270.16, -96.99
636.97, 204.74, -75.60
256.54, 222.37, 214.57
152.41, 241.30, 241.23
-142.57, 203.16, -482.01
9.03, 205.90, -51.14
103.02, 255.05, 49.55
26.65, 266.19, 15.81
-77.60, 300.32, 170.08
-225.48, 258.06, 180.52
-93.61, 368.89, 413.71
-57.20, 306.44, 413.60
369.01, 229.59, 408.03
299.49, 222.80, 413.81
-39.25, 242.65, 651.24
-258.91, 391.89, 521.02
-279.32, 367.46, 617.57
-83.76, 332.18, 775.62
-99.73, 211.25, 847.68
-38.35, 297.57, 899.99
37.63, 278.70, 949.39
239.16, 201.10, 737.10
624.16, 294.45, 1423.53
-1407.27, 248.66, 2767.97
-1967.04, 220.26, 2825.85
-1954.76, 205.48, 2933.69
-1852.70, 261.74, 2830.68
-1801.14, 282.29, 2837.38
-1586.12, 227.14, 2786.42
-1637.73, 220.61, 2913.55
-1487.04, 232.27, 2950.39
-953.79, 264.78, 3437.03
-871.32, 172.02, 3696.51
-955.42, 210.82, 3719.76
-1106.10, 211.46, 3661.11
-1210.27, 201.94, 3636.22
-1836.06, 105.82, 3230.37
-1779.96, 175.24, 3095.73
-1917.18, 208.38, 3166.38
-2038.57, 279.50, 3378.59
-1630.72, 292.05, 3579.39
-1838.86, 323.02, 3856.64
-1192.44, 203.79, 3837.18
-1015.32, 275.22, 3866.00
-1020.67, 368.32, 4002.30
-651.00, 132.56, 3744.34
-681.34, 129.06, 3997.58
-380.87, 207.38, 3798.11
-296.07, 248.09, 3738.89
-375.71, 208.78, 3603.96
-304.45, 305.97, 3271.64
-226.35, 279.46, 3240.77
-191.20, 241.15, 3175.62
-83.90, 252.44, 2929.44
266.03, 397.45, 2447.24
-104.83, 189.34, 2832.20
-477.05, 231.38, 2592.19
-199.19, 201.24, 2724.28
-124.93, 237.65, 2708.12
-45.72, 258.99, 2374.10
5.74, 307.52, 2274.38
-104.00, 233.13, 2368.15
-304.00, 106.57, 2230.32
-746.75, 179.45, 1959.76
-752.29, 291.03, 2072.87
-820.22, 155.95, 1985.82
-977.88, 280.57, 1985.33
-1004.52, 236.15, 1892.38
-1351.90, 437.09, 1937.78
-1696.92, 326.57, 2400.03
-1032.61, 292.69, 1677.20
-876.27, 278.96, 1541.91
-835.36, 157.13, 1180.97
-1015.33, 242.28, 1019.68
-646.25, 300.13, 645.38
-621.31, 364.90, 556.62
-532.59, 389.05, 636.47
-500.27, 225.47, 825.15
-354.83, 325.31, 550.10
-321.51, 293.36, 679.68
-417.82, 193.78, 911.60
-464.83, 185.50, 940.51
-483.31, 220.62, 1037.93
-220.04, 187.74, 937.43
177.04, 250.74, 980.68
207.71, 236.03, 1042.28
285.30, 230.85, 989.53
263.51, 232.48, 965.12
489.66, 217.51, 1068.50
525.07, 183.61, 1056.44
742.06, 236.98, 763.96
572.46, 211.37, 469.17
638.08, 202.23, 272.76
742.10, 202.31, -31.59
719.93, 252.56, -76.54
440.32, 201.30, 269.07
414.73, 199.22, 233.83
323.96, 216.97, 314.23
174.59, 239.82, 244.87
109.25, 205.98, -6.07
-302.88, 201.78, -662.38
-199.58, 274.29, 46.65
-18.79, 276.06, 129.55
89.59, 248.64, 255.09
93.40, 246.80, 289.48
-47.82, 270.46, 285.76
40.04, 212.84, 485.71
72.91, 209.93, 614.75
-25.69, 228.99, 614.22
-230.72, 364.20, 601.94
-53.95, 286.89, 690.87
-1.43, 298.36, 868.91
22.20, 290.87, 932.74
157.70, 239.69, 893.97
308.80, 225.01, 685.38
260.55, 238.15, 805.83
308.75, 214.87, 841.65
559.60, 211.76, 732.25
441.20, 191.83, 784.88
678.29, 296.69, 1429.61
620.88, 241.50, 1551.97
420.85, 232.23, 1701.81
452.89, 232.02, 1738.21
693.21, 361.87, 1934.52
475.10, 300.14, 1962.07
413.86, 303.00, 1912.68
554.83, 346.69, 1871.16
731.53, 423.97, 1810.88
1196.03, 265.12, 1357.48
-707.34, 260.33, 3289.18
-913.82, 304.76, 3115.17
-1134.77, 285.54, 3228.93
-1401.95, 272.41, 2939.67
-1482.05, 232.97, 2553.93
-1596.73, 201.60, 2594.27
-1644.20, 203.29, 2660.20
-1730.47, 247.26, 2773.77
-1554.99, 234.78, 2896.15
-1299.56, 160.55, 3388.84
-1192.28, 258.51, 3299.85
-1021.70, 285.04, 3347.89
-901.36, 176.58, 3685.02
-1179.07, 240.36, 3488.19
-1475.42, 277.24, 3615.41
-1521.97, 199.20, 3501.36
-1623.90, 143.45, 3417.08
-1936.14, 371.94, 3500.41
-1690.20, 290.70, 3551.44
-1688.00, 309.08, 3651.23
-1693.95, 271.15, 3889.36
-1581.36, 271.24, 3776.21
-1385.24, 253.21, 3767.67
-658.23, 125.44, 3823.19
-698.88, 116.11, 3793.17
-778.62, 151.21, 4002.15
-858.64, 225.26, 4002.92
-900.47, 242.75, 3964.80
-912.19, 246.61, 4001.34
-584.99, 139.18, 3965.27
-515.34, 219.68, 3976.08
-362.36, 268.99, 3978.76
-271.42, 243.14, 3932.31
-146.67, 223.60, 4022.22
-352.04, 259.87, 3451.72
-326.88, 269.54, 3379.86
-335.02, 234.54, 3175.01
-35.20, 302.00, 3305.91
-139.29, 240.30, 2958.93
-11.66, 275.77, 2979.66
105.31, 247.87, 2858.20
7.34, 276.56, 2755.70
-119.92, 249.57, 2874.21
-448.96, 201.21, 2937.79
-457.78, 202.49, 2990.04
-593.33, 186.48, 2590.43
-576.26, 166.46, 2473.76
-394.06, 220.50, 2439.00
-339.79, 252.03, 2814.97
-14.79, 310.64, 2229.74
-122.69, 254.89, 2282.15
-390.63, 104.19, 2296.82
-323.00, 275.89, 2168.25
-630.65, 177.72, 1972.66
-746.20, 240.15, 2036.66
-868.96, 211.42, 1986.24
-890.02, 191.64, 1801.99
-1009.31, 248.15, 1818.58
-1424.96, 349.30, 2065.43
-1706.68, 412.32, 2180.34
-1749.59, 194.70, 2238.08
-1794.25, 242.06, 2447.43
-1507.47, 190.26, 2396.46
-936.11, 266.60, 1586.91
-914.62, 282.20, 1519.06
-980.79, 233.88, 1268.38
-816.87, 173.20, 1057.46
-775.02, 167.48, 906.52
-577.59, 171.56, 1052.11
-630.08, 322.76, 618.37
-560.07, 352.07, 612.76
-558.65, 259.51, 701.68
-358.26, 324.75, 572.71
-279.04, 194.76, 838.98
-149.08, 225.78, 1085.73
228.69, 240.12, 993.25
424.42, 242.10, 1076.78
754.17, 253.47, 1066.56
827.32, 285.57, 1100.80
643.48, 226.60, 742.89
743.06, 257.31, -153.95
377.86, 216.00, 271.81
231.82, 224.84, 285.86
149.03, 240.66, 144.22
-379.53, 203.25, -687.79
76.83, 273.47, 61.37
39.87, 272.20, 58.01
-238.88, 240.07, -116.95
-91.54, 272.62, 30.39
-43.20, 278.50, 135.08
101.01, 256.33, 208.10
113.45, 246.00, 244.63
51.61, 224.78, 471.50
347.82, 206.74, 482.22
-97.97, 291.11, 595.31
-227.41, 408.27, 505.60
-251.02, 401.64, 511.47
-160.69, 325.28, 660.95
192.49, 238.08, 913.47
289.52, 222.76, 832.26
315.75, 229.28, 792.48
742.08, 254.05, 916.06
762.15, 255.56, 897.98
721.35, 194.46, 1078.57
782.97, 276.76, 1367.22
592.45, 237.18, 1622.65
481.83, 307.10, 1678.80
714.45, 320.02, 1534.03
778.25, 323.82, 1498.66
1435.96, 225.15, 1164.94
948.93, 280.82, 1047.16
973.01, 254.54, 1003.78
1182.47, 209.99, 869.30
1036.65, 201.37, 678.29
942.15, 202.05, 65.36
1054.56, 210.16, -37.12
-2473.90, 290.30, -4499.93
-2875.47, 203.54, -4128.60
-3182.10, 205.06, -4696.33
-3291.69, 234.11, -3424.31
-3763.71, 203.17, -3469.24
-3751.07, 201.73, -3375.57
-3793.33, 271.50, -3215.20
-4262.56, 209.22, -4299.06
-4119.84, 202.41, -2353.70
-6083.64, 222.30, -2960.91
-6075.67, 203.82, -2812.98
-6209.80, 242.93, -2689.42
-6475.93, 202.89, -2794.70
-6479.20, 231.83, -2544.24
-6364.93, 206.01, -2389.33
-3533.24, 203.38, -2565.13
-3552.26, 201.76, -2634.79
-3437.75, 201.96, -2741.77
-3996.31, 214.98, -2113.72
-3759.04, 205.57, -340.44
-4115.26, 201.15, -818.58
749.72, 227.00, 675.73
949.91, 210.45, 645.77
1008.25, 202.26, 105.51
926.24, 249.56, -113.27
1018.61, 254.90, -180.81
959.75, 274.86, -334.04
1554.64, 234.51, -336.45
1190.44, 285.52, -1646.77
1216.09, 321.49, -1890.18
1427.72, 330.11, -2043.27
1438.70, 333.08, -2076.44
-2420.38, 248.59, -4454.02
-2569.06, 391.43, -4471.65
-3365.17, 287.02, -4636.62
-3584.23, 201.65, -3394.79
-4045.98, 256.60, -2307.72
-6259.34, 207.01, -3061.35
-6459.16, 231.36, -2492.81
-6010.18, 206.51, -2606.02
-6252.58, 215.09, -2429.72
-4067.72, 201.78, -2171.89
-3887.21, 210.66, -2052.47
-3372.08, 201.17, -2114.59
-3849.59, 254.41, -550.79
-3971.70, 201.55, -602.00
1215.42, 222.46, 989.11
748.73, 225.21, 697.17
1041.16, 203.40, 245.85
957.30, 225.76, -47.02
780.20, 234.96, -262.93
715.64, 266.93, -442.40
1176.24, 304.83, -1696.05
-2664.04, 248.92, -4463.31
-2928.68, 204.26, -4214.12
-3150.95, 201.86, -4667.24
-3162.09, 253.04, -4465.32
-3183.68, 202.03, -3933.44
-3556.98, 205.77, -3465.10
-3641.36, 233.71, -3192.72
-4877.60, 205.60, -3970.53
-4774.17, 208.32, -4648.29
-4213.80, 204.01, -4480.12
-3946.82, 204.49, -3092.05
-6176.27, 205.37, -2879.38
-6133.59, 201.66, -2702.89
-6392.73, 202.07, -2905.61
-6625.11, 201.40, -2679.50
-6211.16, 244.71, -2618.88
-6049.36, 204.27, -2588.07
-3904.37, 341.21, -2399.00
-3526.02, 204.20, -2355.47
-3967.37, 245.44, -2192.66
-3789.33, 240.30, -2168.18
-3638.85, 202.97, -1130.49
-4017.35, 196.03, -886.41
-277.23, 366.56, 564.60
-28.22, 322.26, 763.92
492.40, 227.37, 899.78
763.74, 241.72, 855.23
439.09, 301.90, 1827.65
729.17, 335.81, 1469.03
1436.90, 221.48, 1143.14
1426.89, 230.90, 1235.25
1365.98, 230.86, 1221.56
1174.81, 226.26, 996.38
954.02, 233.82, 790.99
1007.16, 216.04, -39.95
612.37, 311.75, -291.86
662.14, 291.21, -261.76
1696.05, 261.81, -841.34
-2346.53, 230.36, -4294.48
-2597.25, 227.34, -4246.20
-2748.94, 233.00, -4543.69
-4737.90, 205.74, -4003.48
-4817.19, 203.25, -4757.04
-4722.57, 202.48, -4649.33
-3955.50, 201.49, -3269.14
-4090.43, 222.10, -2443.82
-6112.23, 201.51, -3193.08
-6161.53, 208.12, -3244.99
-6237.27, 225.57, -2893.27
-6162.95, 204.62, -2813.68
-6338.43, 229.75, -2863.27
-6432.31, 201.07, -2835.33
-6496.24, 202.88, -2433.41
-3620.59, 252.41, -2241.74
-3686.05, 238.87, -2269.92
-3873.78, 213.85, -2112.39
-3516.79, 209.90, -2113.01
-3626.95, 220.58, -1994.28
-3611.34, 120.62, -872.99
743.15, 208.70, 632.38
991.57, 224.56, 714.67
1203.02, 200.90, 397.39
1587.98, 203.71, -444.92
1724.22, 268.05, -965.74
1627.70, 288.32, -1113.00
1168.87, 274.32, -1892.12
-2624.28, 201.26, -4040.32
-2614.04, 210.24, -4621.11
-2724.53, 227.39, -4286.95
-2805.10, 206.50, -4099.86
-3074.75, 248.02, -4452.58
-3266.15, 207.60, -3914.90
-3377.87, 211.83, -3653.75
-3162.86, 204.22, -3390.58
-3649.28, 203.47, -3323.70
-5020.53, 203.57, -4338.15
-4793.82, 203.19, -4790.60
-4751.59, 204.76, -4645.80
-4244.34, 213.35, -4242.82
-4291.22, 214.90, -4251.18
-4819.04, 201.19, -2483.93
-6144.79, 202.79, -2967.35
-6189.11, 233.09, -2715.59
-6279.60, 249.38, -2775.04
-6444.92, 209.84, -2715.87
-6453.33, 239.57, -2617.94
-6412.98, 201.41, -2383.37
-6359.94, 222.20, -2441.14
-6300.17, 217.59, -2447.53
-6181.36, 202.41, -2357.14
-5995.63, 221.05, -2505.12
-4104.39, 212.40, -2271.83
-3489.30, 202.22, -2657.31
-3976.47, 240.85, -2162.32
-4049.38, 201.97, -2129.97
-3759.85, 246.39, -2115.56
-3674.38, 228.77, -2077.75
-3913.66, 201.81, -1160.32
-3980.62, 201.23, -1258.29
-4011.11, 203.20, -1260.43
-3798.94, 245.07, -488.26
-3977.06, 232.68, -442.70
685.08, 317.23, 1785.47
916.67, 302.09, 1720.81
1149.02, 268.45, 1332.85
1206.24, 273.04, 1421.29
1112.73, 223.91, 1071.10
976.04, 269.42, 1075.45
1111.59, 217.78, 1018.39
933.82, 239.90, 708.31
1025.24, 205.20, 705.20
1274.58, 203.16, 238.86
869.84, 259.77, -261.15
1475.32, 292.68, -1243.29
1254.10, 259.33, -1677.98
-2459.20, 242.98, -3884.12
-2500.48, 227.78, -4174.07
-2297.97, 227.81, -4264.83
-2973.51, 219.62, -4387.17
-3362.05, 205.22, -3421.77
-3707.30, 202.33, -2940.79
-3715.43, 300.59, -3079.50
-3792.27, 309.96, -3060.09
-4331.92, 203.05, -3905.53
-6250.93, 201.02, -3158.94
-6272.26, 204.83, -3082.74
-6435.48, 203.98, -2741.58
-6305.81, 285.90, -2613.73
-6346.20, 207.27, -2410.58
-3512.90, 202.12, -2415.34
-3613.76, 246.98, -2262.60
-3776.21, 228.70, -2091.90
-3729.01, 243.99, -2124.22
-3699.94, 231.40, -2152.94
-3610.29, 265.36, -2152.30
-3925.06, 204.26, -1074.09
-3961.02, 227.11, -422.39
-3965.40, 215.90, -674.87
1507.10, 235.16, 1273.04
995.28, 243.34, 882.96
843.61, 201.83, 176.60
1017.87, 209.85, 16.58
671.11, 286.42, -296.48
701.69, 248.73, -394.72
964.33, 275.17, -248.53
1565.69, 231.57, -357.33
1425.88, 282.33, -1370.47
1153.24, 307.22, -1406.71
1203.48, 274.60, -1918.17
1462.22, 307.79, -1925.62
-2524.19, 257.27, -4269.03
-2655.01, 202.47, -4604.93
-2796.61, 226.45, -4390.98
-3065.33, 212.41, -4257.20
-3119.92, 202.77, -3461.21
-3113.48, 201.81, -3265.16
-3439.40, 200.83, -2939.14
-3683.49, 224.92, -3272.61
-3679.81, 290.44, -3081.59
-3641.77, 284.24, -3061.16
-3898.73, 248.19, -3007.17
-5016.43, 201.81, -4154.40
-4540.59, 202.77, -4115.05
-4084.21, 205.74, -3471.32
-3892.70, 258.59, -2477.72
-4091.40, 251.58, -2346.25
-6056.55, 203.36, -3235.04
-6494.20, 226.67, -2544.10
-6424.71, 208.08, -2457.98
-6104.97, 209.92, -2474.33
-6281.95, 250.08, -2510.26
-6263.86, 238.01, -2448.64
-6151.73, 222.01, -2443.41
-4970.41, 201.61, -2383.34
-3941.13, 359.44, -2435.88
-3691.69, 203.55, -2465.65
-3789.73, 258.87, -2290.19
-3766.39, 263.94, -2376.19
-3906.84, 282.90, -2287.41
-3650.57, 236.97, -2196.56
-3626.04, 244.03, -2081.91
-3741.46, 205.71, -1040.92
-4050.76, 213.38, -689.35
-4012.03, 198.05, -855.24
-4006.03, 206.02, -930.09
736.84, 325.77, 1536.08
1283.96, 270.26, 1196.16
1193.97, 203.08, 890.19
760.65, 210.52, 621.67
856.18, 205.17, 536.72
856.68, 278.69, -222.24
814.78, 265.72, -354.45
1638.07, 271.16, -815.90
1307.47, 323.17, -1877.89
-2309.99, 235.82, -4335.53
-2594.35, 312.87, -4535.58
-3152.37, 206.30, -4309.31
-3649.17, 268.07, -3276.73
-5003.99, 203.15, -4204.42
-5082.80, 205.59, -4270.62
-4918.11, 205.22, -4626.92
-4814.43, 203.55, -4618.40
-4406.73, 210.96, -3999.95
-4256.15, 211.78, -3899.83
-3931.02, 213.90, -3215.67
-3985.46, 220.30, -3140.74
-3762.08, 201.63, -2896.23
-4140.49, 202.62, -2326.33
-6264.18, 289.08, -2663.60
-3605.17, 240.01, -2378.23
-3710.48, 246.18, -2237.85
-3931.79, 236.92, -2171.10
-3668.43, 201.35, -1075.16
728.10, 232.76, 1637.82
1483.29, 238.04, 1274.87
1345.22, 234.42, 1174.64
1352.18, 235.71, 1191.24
891.51, 285.79, 1071.33
1133.21, 206.63, 922.64
731.60, 215.26, 662.30
1215.59, 202.47, 264.62
1203.28, 201.07, 123.09
1031.19, 210.19, -27.18
831.50, 266.53, -148.43
924.56, 273.05, -304.09
1542.53, 203.97, -467.61
1220.26, 307.71, -1358.87
-2548.18, 219.25, -4119.51
-2995.75, 208.13, -4256.68
-3395.60, 201.91, -4667.68
-3306.88, 227.41, -3262.37
-3857.05, 249.55, -3206.09
-6222.65, 201.87, -3074.86
-6236.06, 247.09, -2749.52
-6352.09, 231.25, -2839.22
-6348.65, 210.77, -2868.40
-6366.92, 256.40, -2524.97
-6114.79, 201.98, -2512.70
-6335.48, 262.62, -2482.30
-6314.43, 203.46, -2426.81
-6235.22, 201.32, -2388.95
-5021.05, 203.69, -2435.81
-4058.86, 270.90, -2234.13
-3521.54, 225.89, -2212.42
-3474.97, 204.16, -2224.51
-3659.03, 223.40, -2006.86
-4028.66, 201.96, -1201.57
-3621.12, 207.33, -597.80
-3889.24, 222.16, -572.29
1319.69, 259.96, 1200.29
1094.58, 247.32, 1128.83
1072.57, 210.12, 827.21
707.46, 224.95, 657.68
736.01, 201.65, 182.48
903.95, 273.17, -196.98
1415.46, 237.55, -296.48
1502.97, 236.12, -400.50
1568.36, 232.98, -486.46
1680.60, 264.86, -834.77
1197.38, 270.12, -1600.42
1305.82, 307.50, -1816.69
1476.67, 330.41, -2012.51
-2799.37, 217.08, -4327.02
-3066.11, 222.48, -4365.77
-3740.87, 303.34, -3063.16
-4774.01, 205.24, -3938.02
-3994.19, 206.00, -3194.72
-3918.87, 202.77, -3068.82
-6246.12, 201.78, -3199.20
-6250.37, 216.54, -3002.21
-6201.23, 232.01, -2918.93
-6028.50, 189.35, -2864.08
-6407.94, 207.24, -2750.28
-6505.33, 248.80, -2622.96
-6469.61, 247.06, -2605.73
-6368.25, 257.92, -2597.70
-6134.94, 203.22, -2620.44
-5778.07, 201.96, -2510.97
-4015.74, 257.11, -2198.61
-3574.88, 239.98, -2314.98
-3819.64, 254.05, -2240.34
-3669.00, 248.35, -2130.66
-3807.63, 203.14, -1055.80
-3540.37, 206.25, -582.66
857.71, 210.96, 627.52
903.14, 204.32, 592.86
1315.81, 202.58, 496.48
855.15, 251.50, -98.72
885.72, 273.92, -136.29
711.50, 219.32, -253.12
982.24, 275.56, -341.37
1120.68, 246.72, -294.53
-2717.95, 207.90, -4123.30
-2564.18, 256.94, -4311.07
-3124.75, 221.14, -4346.00
-3486.76, 223.63, -3091.63
-3610.71, 239.47, -3051.33
-5067.63, 206.37, -4294.83
-4002.52, 203.30, -3120.38
-3952.16, 213.58, -2532.29
-6342.60, 206.38, -2893.54
-6400.67, 250.10, -2713.61
-6495.56, 246.76, -2589.07
-6429.58, 245.75, -2593.95
-3761.70, 232.32, -2506.44
-3882.94, 301.32, -2351.11
-3872.31, 247.89, -2223.37
-3832.46, 248.56, -461.50
-3915.56, 204.85, -564.66
7.63, 256.38, 763.23
166.49, 242.61, 917.88
552.76, 228.46, 811.69
762.38, 174.04, 1219.72
524.00, 370.54, 1417.85
829.24, 232.15, 1762.14
735.97, 324.96, 1532.62
1067.22, 221.92, 813.85
1346.49, 203.51, 538.90
1036.02, 206.01, 347.44
966.10, 206.16, 181.65
558.16, 213.25, -360.15
1185.56, 248.79, -344.34
1518.70, 294.32, -1156.28
1271.18, 330.10, -1926.10
-2456.58, 373.24, -4430.72
-2575.12, 293.65, -4550.70
-2754.60, 204.32, -4580.47
-2788.60, 219.18, -4262.13
-3220.20, 223.25, -4514.76
-3524.50, 204.59, -3173.77
-3599.88, 248.19, -3263.83
-3831.95, 236.66, -3169.99
-6434.16, 224.18, -2668.64
-6602.57, 201.41, -2656.67
-3636.38, 201.59, -2731.85
-3553.87, 203.25, -2792.49
-4036.84, 202.17, -1169.36
-3594.27, 203.77, -1170.13
-3619.18, 209.89, -959.96
992.20, 345.82, 1496.10
1045.08, 317.71, 1404.95
1356.62, 233.68, 1163.82
1049.81, 222.70, 998.06
1085.21, 228.67, 864.62
936.63, 227.04, 827.42
833.72, 223.69, 640.35
820.20, 212.96, 574.59
1265.67, 202.80, 254.60
1083.70, 201.11, 213.35
1032.68, 202.62, 96.86
900.85, 269.13, -107.06
569.09, 252.92, -290.88
1156.80, 247.64, -332.13
1672.40, 252.68, -558.80
1588.92, 288.47, -1155.27
1122.10, 309.64, -1445.00
1367.47, 331.93, -2029.35
-2439.35, 229.34, -4213.89
-2472.28, 204.47, -4601.34
-2632.91, 248.47, -4578.27
-2815.96, 208.35, -4147.27
-3173.23, 207.78, -3507.00
-3378.87, 203.22, -3420.34
-3898.83, 261.37, -3196.86
-4532.92, 210.58, -3797.95
-4502.77, 213.32, -3813.13
-3966.45, 206.64, -2993.64
-4957.32, 206.74, -2566.95
-6311.95, 216.65, -2978.56
-6392.50, 249.41, -2532.02
-6398.04, 258.00, -2593.44
-4003.98, 273.48, -2257.37
-3813.43, 202.10, -2125.76
-3697.99, 238.08, -2175.76
-3865.04, 202.73, -1205.67
-3613.22, 211.29, -931.52
-3574.68, 206.80, -607.82
454.89, 339.68, 1394.29
504.69, 336.55, 1767.12
806.33, 334.92, 1843.32
445.71, 304.04, 1912.77
873.96, 261.16, 1606.46
1331.62, 273.47, 1557.67
1116.82, 254.27, 1152.28
838.74, 211.36, 591.89
1332.29, 201.46, 556.59
1082.17, 204.31, 362.19
1514.82, 271.23, -1127.36
1489.11, 269.68, -1134.07
1383.34, 315.25, -1923.75
1455.13, 333.94, -2098.48
-2886.51, 202.08, -4245.20
-2977.63, 206.03, -4175.55
-3313.92, 277.37, -4638.17
-3088.26, 203.33, -3204.77
-3543.13, 217.56, -3208.92
-3582.18, 205.74, -3316.36
-3469.81, 204.76, -3331.40
-3627.21, 275.95, -3115.82
-3642.62, 209.48, -2955.94
-3853.70, 204.10, -2959.62
-4867.32, 204.97, -4024.95
-4978.70, 204.88, -4603.82
-3806.79, 201.47, -2773.90
-3898.22, 250.76, -2517.73
-6043.24, 207.65, -3299.85
-6234.17, 215.76, -2804.38
-6319.92, 256.35, -2767.22
-6484.56, 201.54, -2771.72
-6476.88, 201.42, -2737.75
-6445.97, 234.86, -2631.33
-6654.32, 200.34, -2696.15
-5941.75, 206.27, -2500.96
-3992.78, 256.49, -2317.04
-3757.00, 240.80, -2470.56
-3426.09, 202.59, -2654.91
-3792.48, 202.27, -1789.23
-3752.12, 203.74, -1311.32
-3551.85, 202.12, -798.63
-3539.62, 201.62, -708.62
-3614.87, 212.46, -630.90
-3761.29, 224.24, -285.85
909.45, 235.60, 827.02
698.61, 216.20, 647.23
973.42, 208.67, 659.75
1084.16, 205.11, 483.97
896.46, 214.58, 352.61
1015.16, 209.29, 331.56
1044.09, 206.10, 37.43
863.13, 238.15, -81.61
1519.47, 236.86, -309.26
1672.46, 268.02, -769.63
1469.39, 289.81, -1269.51
1430.94, 286.19, -1351.90
1212.02, 314.63, -1816.38
1191.30, 307.56, -1818.82
1426.24, 326.66, -2025.74
1471.65, 337.20, -2085.12
-2778.16, 227.00, -4480.88
-2624.82, 250.12, -4350.95
-2977.57, 215.62, -4353.70
-3044.73, 238.62, -4396.82
-3461.92, 202.75, -4618.92
-3346.34, 219.43, -3429.75
-3659.66, 208.93, -3201.67
-3744.75, 277.42, -2994.16
-4090.73, 208.34, -3148.70
-3825.77, 225.90, -2558.55
-4005.63, 203.77, -2556.70
-6303.06, 201.67, -3161.49
-6254.91, 218.01, -2979.39
-6331.24, 249.72, -2784.61
-6403.88, 261.74, -2655.57
-6468.99, 245.57, -2574.62
-6494.85, 205.55, -2537.76
-6423.35, 257.88, -2569.64
-6214.22, 226.55, -2543.43
-6237.69, 248.12, -2498.87
-6262.74, 248.81, -2516.12
-6188.50, 212.53, -2371.04
-3582.20, 201.67, -2413.20
-3873.87, 208.75, -2141.96
-4066.20, 202.16, -940.42
545.34, 242.47, 1636.25
572.26, 235.39, 1735.31
679.98, 244.45, 1583.70
750.75, 322.41, 1543.55
955.23, 244.41, 1678.99
1338.92, 230.08, 1152.09
943.18, 292.48, 1167.32
1143.95, 212.07, 837.89
722.84, 201.12, 604.55
1324.34, 201.06, 290.68
764.83, 251.60, -318.17
1478.10, 243.44, -308.87
1713.34, 264.62, -841.34
1607.69, 290.66, -1164.53
1450.66, 295.12, -1257.43
1172.41, 307.35, -1728.36
1360.32, 294.27, -1840.96
-2708.61, 210.93, -4171.88
-2627.86, 220.35, -4177.27
-2542.15, 224.99, -4159.89
-2668.12, 235.66, -4311.70
-2672.55, 222.82, -4258.27
-3084.33, 246.71, -4529.49
-3688.25, 201.03, -2992.51
-3837.48, 321.57, -3057.99
-4100.31, 212.50, -3160.38
-3798.56, 218.49, -2562.50
-4113.73, 253.65, -2320.91
-6252.07, 265.30, -2925.86
-6150.99, 220.37, -2925.73
-6113.85, 206.19, -2836.10
-6407.08, 242.56, -2786.16
-6190.66, 202.66, -2422.39
-3680.57, 242.93, -2408.57
-3670.20, 224.22, -2260.70
-3945.19, 208.49, -2075.62
-3574.82, 239.55, -2107.45
-3771.13, 202.38, -1350.80
-3716.12, 201.29, -1046.72
-3489.82, 220.74, -854.60
