3049.20, 277.92, -498.93
2866.92, 240.63, -566.95
2830.51, 255.27, -672.37
2983.08, 246.96, -706.68
2785.10, 211.66, -773.68
2903.64, 255.92, -893.03
3028.93, 233.24, -843.76
2921.11, 237.09, -987.70
2918.73, 302.06, -1161.63
2949.76, 288.16, -1221.01
2995.56, 270.21, -1314.80
2942.18, 261.73, -1392.65
2888.48, 270.92, -1341.45
2852.87, 264.66, -1313.66
2838.19, 273.69, -1488.39
2765.62, 272.88, -1430.79
2772.05, 264.94, -1409.27
2761.20, 260.65, -1364.56
2724.55, 266.10, -1403.05
2759.03, 259.87, -1298.79
2730.84, 254.31, -1273.10
2703.97, 260.69, -1335.69
2693.74, 263.45, -1393.97
2613.23, 233.79, -1503.65
2670.46, 271.17, -1554.71
2706.56, 274.97, -1586.28
2782.04, 294.97, -1588.38
2818.43, 306.26, -1613.62
2821.14, 275.74, -1535.23
2861.91, 276.50, -1552.04
2874.01, 277.88, -1568.33
2810.18, 261.66, -1640.88
2847.24, 267.29, -1634.81
2921.44, 252.23, -1640.53
2970.10, 240.89, -1677.95
2995.49, 239.83, -1718.16
2950.17, 236.29, -1762.63
2929.65, 237.47, -1791.38
2913.18, 231.27, -1768.28
2883.28, 255.37, -1746.81
2849.84, 253.07, -1767.88
2802.64, 263.17, -1685.55
2788.05, 262.53, -1662.28
2509.26, 339.10, -1699.38
2440.34, 314.34, -1702.67
2438.78, 291.31, -1584.19
2167.23, 261.37, -1763.78
2109.79, 225.10, -1725.53
2074.03, 225.88, -1699.03
2118.61, 232.49, -1622.91
1905.03, 198.94, -1497.65
1918.95, 199.43, -1508.99
1921.88, 207.48, -1529.97
1939.67, 206.56, -1521.68
1947.73, 207.95, -1551.25
1974.46, 222.45, -1568.19
2045.08, 224.86, -1576.30
2013.30, 223.45, -1495.26
2006.19, 217.43, -1466.50
1954.80, 215.33, -1469.32
1896.43, 198.17, -1444.37
2057.66, 226.12, -1444.24
2089.40, 219.96, -1366.37
2195.40, 237.10, -1416.26
2272.85, 265.43, -1525.90
2389.17, 266.88, -1492.11
2313.31, 255.21, -1409.35
2359.72, 250.45, -1378.62
2485.50, 244.81, -1428.14
2543.14, 219.67, -1429.78
2507.57, 204.34, -1235.10
2666.30, 247.60, -1278.74
2782.58, 258.59, -1255.28
2822.36, 272.51, -1238.16
2766.73, 272.95, -1165.73
2744.06, 275.36, -1149.15
2726.21, 272.85, -1152.33
2668.46, 238.40, -1116.99
2646.58, 231.92, -1146.28
2585.16, 224.02, -1152.92
2374.25, 253.20, -1279.20
2295.01, 243.92, -1337.90
2198.37, 235.91, -1323.18
2215.14, 233.18, -1263.48
2193.62, 225.10, -1183.29
2207.14, 211.53, -963.52
2165.95, 206.97, -1068.03
2114.50, 203.33, -1138.62
2097.55, 208.15, -1223.51
2097.92, 212.87, -1297.28
2077.79, 212.65, -1319.75
1919.75, 197.57, -1307.89
1925.75, 198.39, -1281.68
1934.48, 196.36, -1251.43
1890.09, 209.53, -1127.44
1833.08, 233.10, -1141.43
1924.79, 242.26, -986.09
1812.13, 255.71, -1037.90
1750.73, 273.43, -1040.06
1739.70, 256.68, -1142.72
1756.99, 255.91, -1199.81
1633.42, 281.92, -1137.28
1585.10, 289.66, -1129.78
1615.81, 284.32, -1186.39
1599.74, 288.08, -1206.35
1563.25, 293.58, -1189.09
1547.46, 298.55, -1220.72
1516.59, 293.88, -1164.28
1693.26, 299.63, -920.90
1628.92, 286.81, -883.92
1624.43, 286.79, -842.46
1566.69, 268.83, -782.98
1602.74, 288.13, -757.96
1898.43, 240.02, -805.43
1930.91, 205.25, -758.61
2038.50, 211.00, -732.80
2016.38, 240.46, -611.39
2301.00, 244.84, -478.01
2274.72, 255.34, -394.34
2344.81, 277.97, -388.69
2630.55, 205.46, -547.83
2519.26, 206.70, -445.33
2482.66, 245.63, -379.42
2438.33, 303.79, -261.67
2436.73, 299.50, -215.35
2571.81, 252.09, -161.61
2649.94, 214.47, -186.19
2781.78, 300.69, -352.33
2787.47, 270.31, -402.70
2883.18, 312.26, -342.45
2980.79, 216.77, 246.64
2970.68, 223.47, 326.13
2891.30, 221.14, 367.25
2829.16, 262.97, 503.49
2785.67, 226.76, 595.97
2675.17, 260.51, 531.24
2784.34, 209.44, 345.38
2766.16, 213.26, -70.93
2631.77, 230.19, 24.32
2518.49, 208.52, 106.10
2522.17, 207.13, 141.25
2591.47, 210.50, 272.71
2642.92, 208.77, 357.56
2556.30, 216.74, 449.99
1888.79, 212.00, 688.59
1850.47, 211.72, 671.42
1847.15, 214.50, 701.62
1874.65, 212.66, 842.50
1792.51, 232.54, 814.14
1633.07, 201.42, 996.25
1240.33, 266.87, 1346.73
1265.56, 283.38, 1317.18
1273.88, 279.73, 1288.86
957.54, 340.41, 1444.41
757.89, 291.80, 1401.72
740.76, 295.46, 1406.09
828.21, 378.97, 1459.66
966.98, 268.39, 1544.56
913.94, 272.95, 1551.10
838.33, 284.48, 1896.83
643.91, 364.39, 1925.07
598.63, 362.62, 1857.78
471.02, 317.66, 1888.83
453.74, 305.46, 1907.66
476.37, 325.02, 1797.98
500.14, 311.11, 1731.93
713.60, 231.94, 1705.15
671.47, 232.14, 1677.26
478.15, 299.06, 1603.27
505.60, 299.62, 1545.26
561.07, 353.04, 1398.37
542.63, 285.35, 1248.33
420.30, 288.41, 1216.29
308.27, 260.49, 1265.68
252.60, 248.45, 1445.88
132.91, 282.84, 1576.62
-93.20, 325.56, 1572.81
137.03, 267.07, 1659.90
192.28, 284.91, 1650.85
167.07, 288.01, 1732.81
154.84, 297.56, 1767.85
135.58, 311.86, 1832.46
27.45, 298.60, 1785.22
38.68, 304.11, 1817.66
100.89, 319.27, 1832.41
-37.87, 291.20, 1807.55
-108.51, 312.55, 1817.76
-144.44, 329.99, 1651.45
-210.13, 301.57, 1463.30
-242.31, 298.66, 1428.90
-252.22, 303.90, 1397.03
-368.55, 344.59, 1466.74
-433.02, 303.57, 1542.27
-375.59, 318.64, 1542.03
-390.70, 318.47, 1571.09
-316.46, 300.52, 1606.39
-475.93, 224.22, 1582.83
-510.06, 272.55, 1550.61
-573.66, 234.84, 1497.91
-589.77, 171.53, 1593.90
-514.13, 267.84, 1879.97
-567.43, 236.21, 1982.86
-532.91, 268.22, 1997.12
-477.66, 263.11, 1953.56
-497.89, 282.00, 1882.06
-442.92, 221.21, 1698.30
-268.88, 283.08, 1683.61
-245.10, 288.82, 1664.12
-192.25, 310.54, 1666.74
-230.96, 306.17, 1944.75
-253.42, 308.43, 1954.59
1567.15, 294.48, -1210.01
1502.90, 271.25, -1152.87
1525.33, 268.31, -1060.41
1632.68, 267.87, -937.83
1666.51, 290.25, -868.31
1825.73, 234.62, -872.71
2006.91, 233.99, -645.37
2006.67, 244.40, -566.65
2179.62, 221.36, -580.84
2166.93, 210.17, -521.77
2411.63, 251.42, -655.72
2608.29, 211.12, -494.10
2502.26, 212.96, -423.46
2466.84, 264.18, -278.12
2518.93, 284.02, -188.23
2738.76, 290.10, -209.50
2779.53, 293.77, -294.20
2766.26, 264.51, -383.34
2770.29, 254.51, -493.54
2953.72, 296.58, -257.92
3066.65, 265.23, -310.58
3043.75, 286.00, -30.75
2987.15, 210.04, 83.36
3033.36, 274.54, 251.74
2959.43, 216.94, 234.21
3046.78, 282.90, 358.37
2927.13, 273.51, 530.22
2823.68, 208.47, 246.97
2914.70, 211.50, 152.70
2807.35, 209.38, 142.36
2776.98, 209.51, 32.85
2851.22, 212.25, -49.44
2836.27, 208.51, -29.49
2649.47, 208.29, -98.37
2671.20, 209.88, -68.99
2648.70, 208.68, -41.55
2652.68, 231.49, 29.47
2353.27, 273.09, 532.08
2376.60, 268.75, 640.99
1943.22, 243.60, 612.80
1825.94, 214.67, 700.61
1718.67, 211.13, 850.29
1559.65, 228.13, 1267.93
1477.79, 240.78, 1301.70
1439.30, 228.98, 1381.67
1335.98, 228.44, 1348.70
1321.06, 229.12, 1297.57
1299.61, 282.18, 1320.93
1251.84, 290.47, 1361.54
1273.71, 262.41, 1214.17
1262.61, 266.38, 1252.51
1225.74, 267.75, 1191.39
1179.81, 256.85, 1249.64
1161.72, 275.67, 1205.58
1178.71, 267.98, 1184.11
1045.77, 307.06, 1347.47
876.35, 382.06, 1431.51
905.73, 359.11, 1487.57
1017.59, 271.69, 1539.87
953.17, 265.98, 1617.38
853.51, 314.22, 1544.64
760.63, 323.32, 1564.11
846.74, 243.85, 1625.31
774.00, 231.72, 1712.21
770.61, 303.70, 1735.88
723.36, 277.59, 1737.66
868.21, 283.38, 1840.81
707.20, 411.55, 1852.80
538.58, 345.99, 1834.42
430.11, 301.61, 1902.29
374.00, 327.91, 1932.41
338.74, 330.62, 1938.42
329.68, 318.02, 1895.82
346.17, 314.21, 1880.17
361.96, 301.34, 1834.78
650.46, 232.73, 1780.59
590.66, 231.73, 1675.51
653.79, 238.10, 1602.70
572.99, 245.32, 1567.60
420.48, 292.48, 1587.47
533.63, 293.83, 1475.82
578.82, 311.15, 1307.65
467.75, 283.08, 1241.24
388.47, 284.75, 1255.13
327.27, 273.60, 1185.45
332.06, 267.34, 1140.55
275.18, 254.38, 1181.18
279.47, 251.23, 1198.67
257.36, 248.43, 1520.33
80.17, 258.09, 1563.79
-11.74, 281.66, 1537.16
-5.15, 270.17, 1653.29
-14.04, 287.56, 1670.12
14.78, 275.21, 1747.09
104.35, 293.14, 1697.75
107.28, 262.60, 1662.20
69.75, 332.84, 1867.58
-67.87, 301.91, 1819.84
-91.70, 301.22, 1744.81
-185.60, 301.88, 1603.39
-284.83, 307.73, 1534.10
-232.88, 298.74, 1449.82
-402.11, 339.42, 1438.08
-448.62, 319.21, 1455.71
-500.75, 300.60, 1450.90
-489.45, 278.34, 1511.37
-223.97, 302.34, 1967.12
-407.70, 296.33, 2144.29
-352.65, 269.91, 2188.65
-217.35, 297.41, 2144.10
-212.32, 235.54, 2297.08
-281.65, 108.10, 2198.63
-303.24, 154.68, 2404.10
470.84, 273.67, 2416.55
-47.26, 294.16, 2304.85
-110.17, 308.65, 1933.47
-56.66, 305.81, 1861.62
-4.72, 352.67, 1937.92
112.41, 354.65, 2020.45
290.59, 358.90, 1955.03
173.90, 360.81, 1886.97
263.27, 318.09, 1841.01
221.24, 314.32, 1797.58
220.19, 289.16, 1749.45
368.28, 233.76, 1713.57
359.13, 277.81, 1627.66
277.15, 232.86, 1630.22
393.25, 322.64, 1459.52
160.26, 200.10, 1215.46
1.38, 213.93, 1330.37
-74.70, 282.14, 1457.72
-229.73, 229.61, 1206.50
-286.98, 229.79, 1177.06
-442.56, 183.66, 1227.05
-420.43, 186.16, 1208.67
-610.22, 212.96, 1254.82
-757.26, 201.10, 1294.52
-885.68, 194.28, 1590.23
-912.52, 200.65, 1631.59
-1466.06, 261.18, 2235.37
-1564.71, 119.84, 2129.14
-1156.99, 192.54, 2166.06
-1173.59, 294.51, 2120.69
-945.47, 207.69, 1881.66
-673.51, 249.25, 2207.14
-743.94, 151.31, 2278.05
-793.92, 155.30, 2342.30
-896.67, 183.91, 2246.13
-1039.16, 256.21, 2100.66
-990.73, 246.99, 2233.10
-990.85, 240.03, 2274.12
-1156.65, 259.49, 2358.35
-1145.72, 253.62, 2286.07
-1283.01, 108.53, 2302.78
-1252.96, 278.12, 2593.51
-1295.81, 239.52, 2639.38
-1217.34, 256.00, 2614.05
-1380.44, 262.35, 2545.71
-1402.13, 274.77, 2575.40
-1549.24, 216.16, 2513.87
-1081.12, 282.81, 2443.34
-952.55, 212.17, 2652.46
-1002.55, 219.67, 2587.12
-1021.52, 204.31, 2610.52
-1102.62, 216.53, 2718.52
-1043.39, 222.64, 2788.99
-963.44, 210.62, 2758.23
-1053.94, 206.78, 2888.30
-1003.67, 235.31, 2902.11
-913.76, 240.77, 3042.56
-804.03, 192.23, 3120.09
-885.68, 46.12, 3143.62
-873.13, 17.69, 3199.03
-843.50, 33.54, 3211.80
-740.02, 262.81, 3155.49
-1133.20, 214.75, 2991.41
-1277.13, 210.53, 3096.50
-1320.39, 229.33, 3003.04
-1391.27, 224.84, 3003.42
-1450.54, 264.26, 2979.70
-1584.29, 241.12, 2872.39
-1525.19, 222.93, 2600.06
-1714.69, 202.34, 2527.64
-1744.72, 396.71, 2181.32
-1649.83, 444.62, 2255.47
-1799.95, 323.26, 2321.00
-1816.14, 318.16, 2290.34
-1808.70, 256.39, 2723.94
-1806.77, 249.94, 2892.33
-1739.63, 218.29, 2976.94
-1545.53, 230.32, 2938.33
-1528.68, 277.24, 3070.30
-1442.27, 130.28, 3327.61
-1414.37, 128.07, 3372.29
-1299.58, 191.92, 3492.50
-888.06, 238.87, 3547.68
-971.50, 192.11, 3678.21
-1179.03, 196.93, 3588.12
-1224.46, 242.40, 3530.57
-1547.85, 265.74, 3585.52
-1607.89, 105.80, 3310.89
-1688.28, 214.87, 3115.26
-1779.22, 185.33, 3057.71
-1969.17, 227.39, 3258.02
-1985.04, 364.96, 3460.76
-1889.85, 377.27, 3720.17
-1735.00, 328.02, 3819.27
-1543.10, 237.87, 3803.12
-1294.77, 245.17, 3863.18
-976.91, 367.74, 3981.29
-157.02, -47.23, 4849.69
-178.25, -48.00, 4813.62
-437.48, 316.35, 1504.87
-455.25, 272.27, 1595.45
-502.46, 271.97, 1576.92
-557.79, 148.95, 1608.25
-507.79, 185.83, 1656.25
-556.89, 171.96, 1703.23
-533.50, 233.86, 1958.21
-458.94, 243.04, 1834.25
-319.55, 268.29, 1708.61
-218.62, 336.50, 1801.25
-146.10, 265.65, 2259.28
-183.55, 232.45, 2336.54
-298.99, 107.63, 2203.94
-102.55, 219.91, 2625.67
-102.29, 317.45, 2252.25
-129.98, 317.83, 2227.83
-163.43, 312.44, 2146.98
192.52, 381.73, 2012.87
243.21, 356.08, 1916.30
197.30, 330.28, 1861.21
282.99, 291.50, 1766.64
285.82, 232.86, 1669.06
443.68, 322.84, 1507.01
260.37, 197.66, 1284.56
134.88, 187.77, 1311.23
84.33, 187.20, 1301.58
9.01, 274.66, 1494.65
-302.16, 234.46, 1216.47
-330.84, 272.46, 1259.38
-322.66, 314.94, 1344.20
-695.89, 217.88, 1365.60
-918.80, 274.86, 1564.24
-947.26, 211.69, 1651.68
-1016.94, 269.88, 1722.04
-957.55, 227.86, 1720.65
-1435.01, 325.23, 2007.13
-1581.58, 426.95, 2090.05
-1470.31, 352.43, 2153.80
-1103.96, 191.83, 2171.23
-1260.98, 298.85, 2084.41
-1126.80, 289.27, 2065.81
-999.27, 240.62, 1847.10
-882.02, 281.89, 2043.49
-725.53, 229.23, 2224.19
-855.26, 135.48, 2374.63
-1048.02, 256.49, 2075.07
-1039.34, 254.79, 2139.33
-1027.72, 245.25, 2315.28
-1124.67, 259.35, 2357.61
-1337.62, 252.74, 2513.62
-1498.06, 223.26, 2508.03
-1471.16, 192.74, 2466.94
-1485.14, 194.23, 2348.17
-1396.21, 105.03, 2379.55
-1394.19, 191.48, 2464.56
-1197.70, 203.38, 2418.34
-1148.77, 298.65, 2479.04
-885.92, 195.88, 2470.61
-966.15, 201.59, 2663.79
-1066.85, 201.34, 2648.80
-1086.10, 201.44, 2655.91
-1140.34, 229.60, 2602.88
-1166.56, 216.73, 2629.03
-1255.49, 300.95, 2833.68
-1207.22, 316.90, 2773.36
-1113.54, 222.19, 2744.84
-1049.67, 234.03, 2681.69
-1009.99, 202.68, 2679.12
-1062.54, 233.76, 2786.15
-1050.59, 230.80, 2767.43
-1006.19, 218.55, 2772.17
-1028.36, 217.79, 2835.95
-1058.79, 229.17, 2845.22
-932.14, 43.91, 3185.91
-849.70, 45.96, 3185.07
-810.17, 287.51, 3164.16
-928.38, 347.32, 3137.67
-947.23, 394.68, 3164.52
-1027.10, 300.24, 3124.01
-1044.80, 263.71, 3048.38
-1113.99, 228.16, 2915.10
-1089.43, 182.48, 2939.95
-1160.19, 223.57, 3021.44
-1429.70, 268.59, 2909.51
-1364.39, 275.59, 2827.94
-1380.43, 202.90, 2725.97
-1553.17, 236.24, 2876.97
-1683.74, 215.83, 2482.81
-1639.51, 241.44, 2302.42
-1780.06, 328.33, 2295.95
-1983.41, 206.40, 2378.28
-1745.64, 310.06, 2413.45
-1720.69, 321.65, 2433.61
-1743.70, 230.82, 2706.12
-1846.96, 264.20, 2722.77
-1983.30, 201.52, 2850.36
-1968.10, 206.84, 2900.07
-1799.71, 254.80, 2755.04
-1859.23, 253.31, 2926.26
-1673.92, 211.42, 3008.82
-1582.71, 221.23, 3289.43
-1370.07, 261.23, 3301.41
-1211.11, 236.40, 3172.30
-988.94, 366.36, 3262.33
-927.00, 289.15, 3263.38
-846.36, 347.73, 3246.51
-326.79, 226.34, 2282.92
-20.80, 260.41, 2494.67
-0.68, 261.66, 2518.72
438.83, 279.76, 2432.01
-54.47, 256.02, 2394.93
-21.08, 260.90, 2372.23
275.87, 235.96, 1703.38
316.88, 233.48, 1701.52
109.19, 186.37, 1278.92
-77.75, 231.06, 1292.64
-287.45, 287.53, 1311.92
-473.96, 244.70, 1301.35
-549.29, 226.62, 1288.57
-591.50, 271.75, 1430.57
-618.09, 251.54, 1374.25
-630.85, 220.13, 1311.63
-838.37, 244.19, 1442.61
-1065.34, 310.71, 1785.88
-1364.35, 435.36, 1929.40
-1597.86, 524.84, 2172.83
-1495.75, 356.47, 2207.08
-1508.84, 355.51, 2237.34
-1586.08, 92.16, 2204.22
-1207.79, 196.21, 2200.00
-1314.45, 303.11, 2063.80
-1279.96, 365.93, 1962.22
-1160.47, 315.59, 2050.97
-1146.89, 298.37, 2103.21
-718.16, 134.46, 2273.97
-897.50, 192.12, 2180.68
-1003.41, 237.32, 2168.22
-1010.47, 243.17, 2257.59
-1042.40, 241.43, 2276.09
-1190.14, 268.05, 2252.70
-1261.74, 288.84, 2466.19
-1370.59, 244.21, 2509.89
-1395.03, 261.77, 2591.64
-1491.79, 212.00, 2533.89
-1414.05, 171.94, 2450.90
-903.26, 211.32, 2365.46
-840.98, 193.56, 2578.05
-883.39, 209.01, 2588.33
-1026.57, 239.98, 2511.18
-1116.58, 205.32, 2658.78
-1085.65, 240.17, 2611.04
-1172.80, 202.16, 2695.40
-1292.52, 201.83, 2695.73
-1089.59, 232.10, 2768.17
-1000.79, 218.60, 2840.58
-1036.05, 277.30, 2934.33
-987.29, 256.40, 3016.52
-841.48, 232.72, 2913.36
-859.04, 224.38, 3040.86
-835.13, 196.25, 3088.57
-830.92, 191.73, 3106.59
-865.81, 17.38, 3220.71
-835.86, 16.69, 3278.76
-768.44, 271.01, 3173.13
-833.07, 295.12, 3163.73
-923.52, 311.63, 3126.70
-1145.22, 178.23, 2952.94
-1264.78, 224.54, 2950.80
-1299.37, 267.17, 2926.40
-1355.81, 252.78, 2970.06
-1432.76, 203.19, 2740.94
-1442.86, 264.15, 2862.49
-1600.91, 236.27, 2853.90
-1601.77, 205.66, 2725.16
-1639.84, 224.49, 2502.32
-1898.82, 232.86, 2352.59
-1934.19, 202.57, 2330.57
-1757.23, 242.15, 2471.65
-1927.97, 231.51, 2708.65
-1576.78, 224.12, 2913.20
-1593.06, 271.41, 3064.35
-1544.01, 258.33, 3097.93
-1055.14, 295.11, 3147.18
-1006.31, 344.04, 3202.27
-1057.78, 254.37, 3426.62
-948.79, 220.42, 3486.41
-931.88, 227.74, 3522.23
-1009.99, 172.91, 3653.92
-926.41, 188.91, 3653.08
-1007.77, 235.67, 3703.07
-1034.40, 172.67, 3746.16
-1106.76, 184.67, 3565.91
-1170.19, 206.78, 3536.93
-1256.32, 255.70, 3587.87
-1327.21, 279.07, 3609.98
-1396.09, 286.65, 3724.93
-1564.68, 275.43, 3602.82
-1603.04, 284.25, 3614.45
-1624.98, 279.49, 3531.56
-1585.35, 172.73, 3452.50
-1710.56, 122.46, 3241.24
-1890.83, 192.06, 3233.64
-1917.13, 208.94, 3223.93
-1931.25, 215.35, 3207.01
-1741.66, 163.27, 3434.42
-1639.33, 284.45, 3790.25
-1530.99, 276.33, 3887.29
-1076.95, 252.65, 3869.57
-1032.22, 272.03, 3839.18
-977.01, 276.63, 3826.97
-1136.24, -43.15, 5519.70
-201.90, -37.79, 4762.11
-580.71, 186.25, 1557.90
-503.04, 190.96, 1764.93
-491.85, 280.93, 1980.46
-181.29, 303.77, 1723.54
-243.45, 308.00, 1734.68
-208.05, 299.91, 2132.07
-174.91, 231.87, 2270.98
-315.12, 223.48, 2312.39
-293.35, 183.46, 2364.21
-100.70, 219.49, 2439.11
-150.89, 317.80, 2086.14
-182.00, 300.26, 1954.73
-82.01, 327.54, 1961.10
235.50, 383.04, 1979.39
409.00, 231.93, 1726.21
179.42, 203.31, 1222.99
17.82, 264.12, 1440.54
-70.43, 264.62, 1378.05
-58.92, 275.92, 1424.46
-151.18, 282.68, 1384.15
-211.62, 287.05, 1385.33
-202.07, 277.51, 1331.95
-286.43, 287.22, 1287.48
-394.67, 285.93, 1297.36
-671.10, 211.69, 1267.48
-785.77, 156.46, 1267.66
-810.29, 243.38, 1380.05
-800.82, 265.84, 1550.33
-832.29, 156.88, 1627.06
-1035.60, 284.70, 1702.92
-1295.23, 372.79, 1901.44
-1502.38, 359.10, 2097.73
-1589.29, 462.41, 2124.79
-1579.76, 476.85, 2205.62
-1369.77, 198.61, 2240.83
-1260.89, 336.41, 2014.01
-1053.45, 284.24, 1817.32
-773.59, 234.25, 2174.56
-1224.07, 188.85, 2352.79
-1223.45, 250.66, 2416.45
-1259.00, 251.88, 2632.80
-1263.67, 258.58, 2522.99
-1457.90, 239.62, 2632.07
-1434.08, 204.79, 2516.95
-1534.59, 206.62, 2484.86
-1250.86, 186.29, 2428.55
-1135.36, 309.98, 2422.18
-888.11, 202.28, 2706.80
-974.27, 217.07, 2561.91
-1032.45, 222.84, 2610.65
-1188.16, 204.38, 2660.10
-1287.10, 235.78, 2711.72
-1239.90, 319.71, 2795.77
-1139.63, 225.23, 2719.22
-797.20, 236.36, 2962.59
-813.10, 240.08, 2970.14
-919.11, 44.00, 3170.17
-834.49, 75.33, 3209.28
-709.84, 224.75, 3117.50
-994.17, 330.67, 3107.73
-1142.58, 245.58, 2891.21
-1298.58, 178.05, 3038.24
-1305.63, 263.71, 2945.71
-1325.83, 280.35, 2914.34
-1422.38, 237.32, 3012.24
-1422.91, 260.01, 2961.24
-1395.65, 243.00, 2753.57
-1510.92, 223.56, 2794.09
-1565.82, 219.31, 2763.72
-1718.91, 404.49, 2156.88
-1697.76, 350.43, 2322.40
-1730.13, 332.75, 2326.30
-1915.56, 258.62, 2439.38
-1753.43, 204.59, 2530.69
-1908.53, 230.58, 2865.94
-1663.17, 226.19, 3043.43
-1570.01, 235.77, 2934.15
-1493.25, 236.72, 2920.42
-1550.93, 211.75, 3215.07
-1413.96, 190.44, 3476.86
-1283.30, 174.81, 3360.15
-1004.28, 338.13, 3146.72
-914.58, 298.96, 3286.34
-838.14, 310.56, 3337.27
-867.09, 284.37, 3399.76
-947.31, 307.11, 3340.26
-1013.48, 265.27, 3383.04
-987.45, 199.04, 3595.22
-1056.49, 176.30, 3692.59
-1067.35, 190.30, 3765.18
-1184.06, 229.30, 3713.14
-1367.31, 288.43, 3716.99
-1647.19, 123.80, 3379.65
-1694.68, 137.31, 3382.01
-1650.72, 118.73, 3237.52
-1807.56, 315.26, 3708.47
-1606.41, 239.16, 3823.41
-1408.14, 249.93, 3800.29
-1004.12, 278.67, 3804.23
-1086.24, -42.83, 5557.94
-278.70, -37.95, 4657.88
-852.03, 234.80, 3888.66
-834.33, 170.31, 3730.89
-785.89, 198.75, 3666.33
-870.63, 212.90, 3589.66
-777.78, 239.34, 3486.41
-614.09, 116.48, 3422.58
-659.75, 211.28, 3539.38
-468.45, 156.50, 3576.98
-478.28, 230.03, 3772.19
-516.34, 204.43, 3742.92
-716.27, 144.23, 3908.22
-478.47, 229.68, 4033.05
-341.79, 220.66, 3809.52
-408.64, 210.93, 3599.64
-220.85, 274.71, 3335.35
-53.40, 248.91, 3122.06
-41.58, 209.41, 3037.42
-210.67, 236.99, 3176.66
-399.75, 208.22, 3146.23
-442.98, 236.61, 3332.57
-528.96, 208.37, 2956.40
-740.71, 204.28, 2929.51
-729.14, 140.31, 2619.88
-810.73, 133.81, 2484.80
-722.40, 148.37, 2549.44
-683.45, 230.33, 2344.85
-351.32, 251.22, 2629.87
-368.16, 146.54, 2427.30
-471.26, 234.59, 2280.40
-587.69, 346.16, 2174.94
-742.11, 372.83, 2062.71
-852.88, 242.04, 2041.48
-663.91, 137.74, 1638.68
-678.48, 198.93, 888.72
-747.87, 178.92, 861.53
-786.80, 207.91, 766.43
-635.95, 323.42, 601.92
-686.74, 307.96, 578.78
-321.65, 364.73, 476.12
-478.83, 246.82, 765.90
53.78, 273.72, 972.05
155.68, 248.97, 1033.19
403.16, 231.98, 1013.52
447.87, 220.13, 975.89
353.82, 184.58, 822.99
5.64, 223.99, 619.48
-78.00, 321.29, 650.93
-169.85, 366.75, 565.34
52.15, 205.02, 506.07
588.03, 207.68, 469.88
955.48, 301.46, 1194.60
904.70, 295.25, 1162.06
1023.25, 299.63, 1134.51
958.68, 278.15, 1119.36
1004.80, 272.20, 1084.59
916.43, 256.09, 1011.20
887.52, 230.16, 913.93
851.11, 252.51, 770.39
921.02, 229.10, 687.20
1088.41, 201.10, 748.96
1085.95, 204.23, 804.33
1341.24, 209.81, 1065.53
1365.13, 235.67, 1187.01
1497.73, 222.28, 557.54
1613.39, 315.10, 424.54
1654.80, 291.28, 393.02
1778.48, 253.11, 486.85
1794.54, 240.77, 483.43
1617.26, 229.98, -490.00
1837.57, 203.55, -287.53
1883.38, 203.27, -190.30
2073.98, 207.61, -31.86
1713.09, 260.94, -96.18
1071.55, 233.42, 426.21
1153.62, 202.21, 371.69
1145.93, 202.03, 249.43
953.03, 201.12, 326.19
885.52, 210.00, 265.27
778.64, 209.42, 266.89
286.43, 218.36, 352.66
114.65, 252.70, 223.98
1.01, 271.38, 265.70
-184.92, 259.30, -12.16
-111.69, 254.09, -94.04
-141.29, 252.85, -138.62
-185.60, 217.19, -149.78
-815.30, 255.87, -32.60
-831.98, 202.70, -99.08
-93.36, 201.38, -183.41
346.21, 201.29, 47.20
514.93, 201.45, 111.16
637.60, 236.43, -424.40
1276.36, 205.26, 185.10
1541.93, 261.97, -25.54
1188.49, 276.19, -437.56
1189.81, 267.82, -413.61
1014.89, 271.46, -384.33
1006.03, 235.07, -98.50
899.93, 224.15, -61.03
750.20, 279.85, -386.01
915.46, 303.60, -458.73
711.30, 239.05, -700.86
1359.96, 272.68, -495.60
1351.21, 271.02, -546.24
1205.93, 389.20, -723.99
1521.74, 268.20, -655.03
1479.25, 307.07, -924.41
1499.18, 267.27, -997.67
1359.68, 293.22, -1050.86
1176.11, 483.13, -899.13
1178.39, 345.02, -1031.21
-1173.36, 267.90, 3336.28
-1202.41, 255.07, 3392.12
-1163.20, 266.59, 3460.87
-1001.70, 236.10, 3458.27
-954.04, 194.01, 3615.46
-1525.39, 245.32, 3732.52
-1735.43, 133.74, 3348.17
-1767.78, 336.65, 3563.91
-1818.24, 349.50, 3622.97
-1862.93, 365.10, 3660.22
-1697.71, 342.45, 3728.61
-1730.39, 357.42, 3766.46
-1264.40, 229.56, 3792.06
-1204.74, 205.27, 3848.77
-955.56, 264.44, 3946.91
-911.64, 236.27, 4037.24
-843.10, 224.19, 3941.01
-936.81, 216.97, 3817.87
-844.92, 221.71, 3833.82
-855.52, 186.84, 3787.79
-806.38, 185.78, 3703.06
-772.40, 186.97, 3699.99
-857.18, 204.35, 3638.51
-779.29, 235.78, 3600.46
-620.42, 116.55, 3450.58
-525.65, 167.71, 3324.23
-724.16, 256.60, 3363.50
-731.62, 250.94, 3399.47
-734.33, 241.01, 3522.93
-580.34, 166.91, 3554.84
-480.81, 265.76, 3711.92
-461.73, 233.88, 3765.28
-690.39, 116.09, 3800.04
-720.15, 142.22, 3771.39
-783.46, 181.79, 3726.94
-778.63, 206.41, 3844.81
-715.19, 146.88, 3826.78
-680.41, 135.82, 3897.31
-543.48, 171.02, 3926.50
-239.72, 287.21, 3649.43
-313.52, 243.02, 3713.41
-360.10, 204.38, 3527.91
-152.53, 275.30, 3254.65
-213.13, 274.50, 3241.31
-126.25, 250.14, 2914.54
-39.13, 284.91, 2862.70
-29.98, 201.04, 3079.91
-201.75, 200.62, 3081.00
-199.04, 225.78, 3121.99
-442.90, 241.34, 3302.91
-460.16, 165.75, 3210.27
-632.07, 220.53, 3160.47
-488.43, 184.30, 2429.55
-420.14, 158.20, 2414.83
-816.90, 168.18, 1946.37
-810.28, 164.42, 1863.62
-943.53, 228.23, 1093.82
-881.40, 195.01, 1122.52
-598.81, 268.11, 930.70
-779.94, 175.35, 933.88
-702.76, 208.06, 795.50
-868.25, 202.94, 814.55
-894.60, 222.34, 708.28
-798.26, 217.34, 710.38
-764.73, 223.04, 672.88
-441.50, 280.29, 659.23
-337.07, 344.00, 568.36
-384.18, 201.31, 900.24
-331.57, 217.20, 795.93
-98.80, 200.32, 981.06
77.95, 233.52, 849.87
169.13, 206.14, 837.65
260.59, 234.07, 996.35
274.68, 237.71, 1045.69
500.86, 224.86, 1121.29
524.28, 177.15, 1139.52
539.41, 234.89, 854.77
393.12, 241.18, 753.61
-47.18, 235.69, 604.06
-71.03, 263.02, 710.60
-61.13, 264.68, 492.22
41.32, 248.04, 425.12
112.60, 222.68, 384.25
187.95, 201.22, 475.66
215.57, 207.72, 470.91
249.12, 205.99, 456.37
374.92, 203.45, 553.75
615.14, 211.61, 406.76
590.64, 226.92, 741.15
624.09, 186.06, 1205.30
642.00, 263.65, 1363.44
805.04, 255.62, 1268.36
839.85, 221.84, 1196.73
885.98, 327.24, 1312.87
962.24, 308.05, 1240.41
1055.88, 218.90, 954.63
982.35, 263.60, 1020.93
738.53, 247.10, 806.35
882.62, 216.97, 670.58
1128.95, 212.53, 873.70
1516.20, 230.57, 767.02
1612.64, 267.93, 502.94
1694.67, 247.42, 629.18
1840.70, 212.09, 609.65
1829.34, 237.77, 503.88
1859.65, 237.52, 430.27
-226.14, -37.50, 4701.41
-875.55, 184.43, 3761.87
-852.53, 173.57, 3672.07
-585.50, 116.55, 3384.89
-559.15, 182.13, 3411.64
-657.57, 235.89, 3285.22
-447.33, 156.50, 3596.82
-620.63, 147.44, 3508.20
-813.90, 181.59, 3786.81
-666.93, 132.44, 4038.00
-637.03, 141.35, 4037.74
-574.67, 164.02, 4029.39
-244.48, 240.21, 3894.47
-229.94, 221.94, 3865.88
-210.66, 234.17, 3780.84
-377.29, 213.73, 3709.18
-206.03, 263.51, 3415.86
93.14, 134.73, 3010.08
-125.59, 201.22, 3090.67
-395.56, 254.37, 3337.63
-463.81, 224.38, 3405.37
-695.58, 238.67, 3205.43
-668.96, 239.42, 3136.14
-566.38, 215.94, 3092.33
-659.55, 194.96, 2407.28
-513.26, 153.48, 2467.85
-705.60, 283.12, 2081.87
-823.70, 126.06, 1923.85
-894.78, 192.99, 1816.46
-904.71, 156.25, 1248.00
-627.35, 221.78, 896.10
-829.63, 175.82, 896.67
-709.37, 192.77, 833.44
-949.25, 208.45, 970.38
-913.39, 201.84, 757.67
-571.75, 254.34, 674.89
-478.01, 225.61, 821.07
-280.56, 232.59, 938.59
-373.46, 220.75, 1080.71
9.97, 233.47, 1040.55
102.42, 241.34, 890.66
62.01, 234.61, 809.38
171.89, 220.48, 1108.51
222.63, 239.10, 999.29
304.28, 224.17, 973.17
26.22, 232.73, 717.33
-184.61, 317.62, 676.17
-187.32, 487.93, 338.24
-139.57, 333.12, 644.70
184.25, 221.44, 347.06
722.55, 223.05, 700.66
688.85, 235.78, 721.88
746.43, 228.42, 1345.73
1107.62, 249.79, 1135.24
899.59, 229.27, 951.47
942.14, 229.18, 926.43
813.24, 248.75, 1020.41
780.05, 254.64, 929.02
827.96, 234.32, 705.68
763.90, 230.10, 679.27
1066.56, 235.67, 882.13
1459.59, 209.38, 710.66
1690.35, 226.14, 740.54
1572.29, 247.17, 453.21
1826.19, 214.31, 545.68
1770.62, 288.58, 395.87
2174.41, 272.40, 618.88
2517.05, 209.75, -21.12
2169.35, 245.03, -72.64
1792.33, 246.57, -676.70
1727.84, 206.29, -333.14
1983.65, 213.69, -124.25
2092.03, 275.57, -141.85
2053.19, 276.74, -201.52
1248.29, 209.04, 371.48
1111.27, 201.00, 470.17
1134.42, 204.38, 364.98
1154.64, 202.36, 351.60
320.15, 220.07, 248.50
-130.45, 285.47, 63.03
-155.37, 299.48, 54.98
-832.28, 268.19, -59.92
-243.31, 257.87, -950.27
-126.58, 203.23, -899.56
552.27, 210.49, -106.14
661.14, 217.90, -138.74
698.43, 202.17, 128.69
1447.33, 201.80, 145.35
1549.71, 264.46, -54.30
1473.14, 244.55, -50.23
1448.38, 203.20, -101.11
1201.90, 271.37, -424.94
883.52, 283.79, -338.04
976.38, 261.69, -194.62
763.72, 246.34, -196.19
892.60, 430.36, -758.47
1087.14, 403.33, -660.22
1410.20, 286.85, -425.11
1339.82, 271.20, -600.97
1271.20, 342.85, -784.69
1359.41, 343.31, -939.08
1357.41, 308.63, -1262.05
1385.05, 273.62, -1143.95
1417.52, 284.72, -1039.58
1152.62, 382.54, -995.70
1112.84, 276.08, -1121.46
-716.82, 270.21, 3319.07
-578.08, 165.37, 3630.19
-498.37, 167.15, 3655.94
-567.53, 146.32, 3931.91
-275.46, 237.66, 3789.48
-293.56, 278.89, 3681.61
-376.82, 209.27, 3641.24
-258.73, 244.32, 3473.59
-214.31, 228.33, 3500.06
-88.73, 198.19, 2872.98
-83.05, 201.10, 3094.77
-201.31, 216.56, 3044.26
-330.68, 217.90, 3076.36
-317.26, 208.60, 3025.04
-357.63, 260.78, 3216.88
-527.88, 227.42, 3202.56
-580.26, 210.78, 3052.37
-609.12, 227.06, 3024.98
-781.78, 204.61, 2740.72
-794.50, 215.42, 2539.00
-378.27, 243.53, 2650.59
-539.29, 225.31, 2318.95
-715.54, 181.32, 1104.10
-890.34, 190.11, 803.91
-980.41, 220.17, 912.30
-705.41, 249.22, 626.22
-478.74, 420.78, 583.11
-541.95, 392.42, 617.53
-615.12, 228.41, 711.37
-583.84, 240.49, 733.99
-522.20, 257.05, 721.66
-426.09, 274.48, 657.01
-550.67, 240.46, 748.77
-300.32, 195.35, 889.35
-531.09, 181.91, 988.83
-583.98, 172.47, 1046.56
-25.07, 259.38, 1056.33
-15.91, 292.73, 917.28
3.86, 251.82, 847.23
47.27, 234.60, 840.64
186.66, 239.49, 888.91
208.92, 241.42, 1007.54
389.80, 217.57, 694.76
-18.20, 240.35, 685.26
-109.27, 314.51, 682.69
-304.88, 247.94, 751.90
-193.18, 260.39, 706.69
-216.72, 380.63, 571.23
-253.95, 400.76, 510.23
-81.84, 270.11, 515.46
276.03, 206.35, 457.77
456.97, 201.59, 593.02
642.06, 201.01, 608.28
658.30, 205.77, 634.00
972.91, 308.39, 1181.13
1142.53, 228.01, 1015.76
1131.71, 222.26, 990.47
720.69, 239.60, 766.28
931.83, 227.41, 861.76
1217.04, 213.95, 968.87
1281.64, 202.67, 993.03
1534.36, 206.96, 830.03
1392.28, 202.19, 689.57
1827.82, 211.87, 627.23
1725.03, 294.79, 365.93
2306.50, 300.48, -135.01
1496.31, 268.76, -590.81
1711.00, 255.53, -117.03
1403.46, 211.24, 517.68
1066.63, 203.13, 351.63
1136.30, 203.93, 434.77
928.87, 201.10, 195.32
709.83, 203.98, 268.45
683.41, 209.73, 353.10
681.12, 203.57, 317.74
542.00, 196.79, 258.92
590.17, 201.39, 165.33
553.71, 202.36, 190.12
354.89, 215.78, 327.79
206.02, 227.75, 284.88
-80.04, 273.42, 257.42
7.25, 279.21, 184.05
-161.26, 313.39, 101.36
-121.07, 285.81, 41.90
-300.61, 238.45, -922.58
-68.83, 201.80, -913.13
253.96, 201.73, 4.23
634.34, 202.18, -25.96
767.71, 201.59, 135.11
1544.19, 256.93, 100.25
1416.26, 209.26, -1.72
955.50, 285.51, -385.14
965.55, 258.43, -281.71
835.67, 301.11, -438.61
880.22, 320.38, -505.80
886.86, 313.79, -476.07
1046.46, 343.61, -501.85
987.12, 343.57, -564.66
651.84, 205.18, -811.21
631.38, 201.43, -851.34
1132.94, 417.72, -719.13
1278.55, 283.30, -449.43
1430.04, 313.45, -833.61
1503.57, 301.67, -1192.97
1418.29, 304.40, -1293.14
1080.79, 301.40, -1139.79
-778.01, 139.96, 3401.57
-657.82, 144.19, 3728.61
-624.52, 132.22, 3853.73
-160.03, 250.30, 3527.56
-117.48, 300.75, 3266.17
-287.32, 222.97, 3146.04
-312.07, 201.26, 3064.41
-484.84, 165.82, 3261.34
-648.78, 231.14, 3178.75
-600.72, 222.21, 3088.00
-667.59, 205.18, 2929.87
-631.90, 200.34, 2747.93
-823.39, 192.68, 2610.09
-796.52, 191.93, 2594.00
-701.77, 176.01, 2516.43
-548.00, 133.48, 2533.10
-446.38, 230.29, 2581.99
-363.13, 245.61, 2688.15
-420.07, 207.37, 2343.00
-613.10, 292.76, 2214.18
-899.78, 157.50, 1396.56
-894.22, 157.61, 1318.22
-748.49, 206.66, 1145.90
-678.46, 214.58, 1012.38
-785.69, 172.79, 880.09
-868.88, 194.02, 782.69
-953.71, 212.00, 817.82
-1002.81, 301.45, 663.00
-783.21, 232.31, 470.94
-573.80, 347.60, 613.15
-712.90, 315.42, 614.12
-363.05, 270.85, 542.45
-524.43, 202.31, 865.29
-307.02, 218.47, 1145.74
-103.51, 225.00, 1176.62
49.12, 217.19, 1182.01
73.09, 227.43, 1091.22
-40.32, 257.54, 1108.87
100.78, 257.73, 944.78
151.92, 219.00, 811.51
144.89, 205.92, 1015.83
535.80, 237.74, 943.31
443.96, 211.77, 906.31
397.18, 207.11, 633.43
-219.38, 223.23, 746.88
-218.93, 409.89, 498.17
-51.49, 256.42, 513.28
61.12, 263.11, 352.81
533.21, 201.38, 659.33
523.76, 207.04, 398.13
683.70, 207.26, 884.03
760.43, 171.24, 1120.10
930.32, 299.28, 1186.71
787.56, 211.61, 631.13
744.34, 209.14, 634.76
794.67, 202.80, 526.98
912.33, 236.23, 762.63
974.60, 220.74, 841.51
1004.96, 211.22, 685.41
1193.20, 242.17, 1028.27
1606.26, 282.84, 542.18
1610.55, 289.72, 559.38
1795.06, 212.16, 630.08
1787.92, 238.84, 457.84
2420.66, 209.55, 57.17
2483.47, 207.45, 46.91
2426.39, 275.79, -104.94
2227.38, 218.22, -40.65
2040.59, 259.30, -397.48
1972.55, 267.25, -557.67
1640.17, 202.90, -390.21
1525.90, 273.40, 360.06
1217.94, 201.34, 515.57
1158.32, 201.33, 490.31
1126.52, 203.14, 320.36
1160.58, 211.54, 328.43
973.92, 201.00, 229.15
967.67, 206.24, 171.84
774.66, 201.64, 230.71
657.47, 203.28, 250.04
559.71, 200.27, 267.14
469.21, 208.19, 364.00
120.29, 241.61, 268.39
-99.84, 279.97, 257.01
260.13, 201.59, -31.19
571.29, 258.10, -123.85
893.33, 201.91, 41.71
1097.09, 201.39, 67.22
1294.70, 202.92, 243.68
1323.71, 201.29, 262.37
1353.20, 201.09, 257.98
1410.56, 217.60, 67.25
1506.16, 243.13, 95.96
1509.91, 220.00, 28.12
1473.71, 240.62, -113.64
1271.76, 256.59, -390.31
1047.70, 265.91, -372.95
923.64, 254.76, -220.26
970.14, 250.76, -140.26
777.88, 265.44, -95.92
844.15, 295.21, -399.99
1468.31, 271.81, -547.52
1172.76, 401.23, -707.09
1324.22, 319.19, -832.31
1535.53, 268.40, -718.43
1334.61, 353.28, -925.28
-1122.13, 268.74, 3377.39
-1150.50, 286.30, 3256.30
-1170.78, 282.30, 3379.09
-1149.43, 278.44, 3420.95
-1137.07, 203.30, 3745.53
-1485.77, 213.36, 3528.22
-1702.12, 109.96, 3272.49
-2008.06, 475.67, 3556.39
-1846.49, 347.88, 3685.13
-1777.74, 306.94, 3741.03
-1751.44, 313.74, 3861.12
-188.66, -47.70, 4850.11
-829.45, 191.09, 4055.72
-904.61, 202.05, 3775.51
-818.22, 183.41, 3657.30
-819.24, 233.54, 3537.21
-591.05, 117.03, 3402.52
-576.30, 193.97, 3341.56
-712.41, 234.01, 3472.36
-495.81, 214.91, 3682.57
-761.85, 182.00, 3806.35
-376.89, 217.11, 3759.47
-173.50, 244.27, 3655.42
-254.75, 266.57, 3503.39
-66.62, 245.87, 3455.23
-134.94, 274.04, 3211.31
-104.12, 245.68, 2963.31
-306.39, 240.89, 2901.72
-365.43, 201.60, 3073.03
-570.13, 228.69, 3181.14
-675.90, 193.89, 2391.52
-621.50, 202.24, 2476.14
-796.29, 263.90, 2061.01
-772.64, 186.37, 1527.69
-860.37, 192.90, 1280.28
-1036.10, 263.60, 1335.89
-738.07, 220.63, 723.65
-963.01, 209.46, 748.38
-611.26, 331.71, 598.99
-683.44, 218.76, 707.97
-532.92, 184.65, 1137.41
-227.01, 208.31, 1142.36
66.12, 229.58, 1059.95
20.33, 230.60, 1018.57
17.01, 275.75, 965.13
127.30, 263.69, 960.58
88.85, 246.29, 922.66
343.65, 254.93, 1075.67
347.85, 240.49, 1017.97
583.00, 205.70, 920.92
331.82, 192.34, 846.84
116.68, 205.95, 706.74
-143.11, 255.19, 757.25
-255.10, 266.20, 713.39
-32.67, 298.24, 410.65
399.63, 205.86, 444.25
439.49, 218.19, 450.45
506.95, 205.79, 602.62
475.77, 216.19, 664.13
711.05, 202.29, 446.18
978.75, 306.10, 1290.32
1031.42, 306.56, 1215.65
1130.46, 225.30, 1076.79
1039.41, 246.88, 929.51
1081.36, 201.11, 710.78
1065.68, 201.81, 755.85
1520.82, 205.47, 1095.20
1537.39, 201.79, 1067.48
1725.34, 244.05, 655.05
2514.57, 208.93, 20.02
2468.87, 209.20, -9.66
2177.70, 286.17, -216.15
2081.48, 263.00, -390.39
1937.17, 230.18, -378.36
1587.04, 261.18, -29.53
1655.43, 254.83, 242.31
1068.26, 211.90, 464.83
1207.65, 202.46, 324.05
457.57, 205.41, 286.36
441.63, 211.77, 376.11
270.12, 220.61, 156.18
155.57, 238.34, 285.07
50.96, 257.56, 252.44
-42.69, 269.74, 267.25
-197.66, 313.28, 96.92
-592.23, 201.79, -688.61
-315.82, 236.67, -945.20
-196.28, 202.76, -1027.88
-71.34, 206.45, -649.79
-97.83, 201.42, -155.79
-43.76, 262.59, -65.65
58.02, 205.37, -41.71
224.89, 208.30, 56.91
351.92, 205.08, 119.16
587.46, 269.81, -194.45
597.41, 210.90, -483.12
1506.42, 269.77, -69.80
1471.84, 248.51, -181.59
1206.16, 254.38, -376.73
1183.32, 252.97, -363.17
1088.56, 256.31, -345.87
999.67, 272.58, -350.15
947.70, 235.23, -79.01
851.87, 310.35, -465.28
991.27, 307.84, -476.61
1003.37, 344.99, -586.32
-906.17, 197.08, 3733.81
-838.95, 230.08, 3575.11
-549.79, 189.88, 3376.50
-629.20, 208.02, 3325.67
-754.99, 294.57, 3326.37
-687.37, 228.97, 3484.36
-622.24, 152.85, 4066.64
-194.75, 284.65, 4062.14
-114.97, 249.38, 4053.50
-175.51, 261.57, 3848.73
-163.31, 259.25, 3297.27
115.50, 132.19, 3048.73
-340.68, 201.34, 3009.02
-410.49, 235.00, 3238.87
-660.08, 230.65, 3168.66
-642.68, 238.37, 3120.80
-591.33, 202.86, 2905.66
-798.86, 202.97, 2895.04
-776.44, 221.78, 2712.90
-583.38, 226.71, 2656.33
-752.54, 171.33, 2406.04
-450.66, 198.71, 2551.07
-373.25, 225.16, 2310.61
-865.19, 159.60, 1846.44
-801.28, 109.63, 1743.81
-807.10, 128.19, 1660.61
-702.41, 217.83, 1197.62
-609.04, 360.64, 550.21
-524.88, 402.48, 608.02
-410.02, 263.50, 647.14
-394.29, 204.16, 873.37
-330.54, 216.61, 1116.74
182.86, 249.30, 955.88
498.84, 223.87, 801.96
427.09, 182.09, 808.32
-77.43, 247.15, 831.96
-192.99, 186.23, 879.54
-200.14, 189.90, 811.09
27.04, 234.00, 463.64
42.99, 242.43, 410.63
130.64, 287.87, 351.60
194.79, 204.98, 396.62
303.66, 225.75, 439.28
622.71, 209.21, 468.74
670.38, 217.92, 858.32
701.85, 257.28, 1007.68
723.95, 186.89, 1086.40
685.42, 213.78, 1316.36
708.05, 166.15, 1295.13
805.14, 268.90, 1159.33
1117.25, 230.77, 1100.12
791.97, 248.05, 852.24
746.06, 234.93, 753.32
1560.22, 236.79, 597.16
1595.58, 261.88, 484.98
2205.10, 253.31, -134.98
2253.10, 268.34, -299.02
1765.73, 242.83, -715.17
1777.57, 246.56, -658.01
1572.57, 272.99, -691.35
1514.13, 267.71, -612.21
1834.96, 210.93, -332.81
2035.20, 271.13, -124.34
1716.86, 281.87, -17.88
1731.17, 228.56, 45.00
1606.41, 266.43, -25.92
1574.58, 251.76, 16.02
1629.20, 216.60, 165.27
1596.96, 250.40, 292.01
1357.36, 201.51, 407.99
1188.65, 207.49, 553.76
1144.67, 201.01, 517.48
1049.27, 202.18, 465.64
1092.13, 204.19, 376.90
1113.57, 214.46, 422.33
956.63, 201.08, 213.08
566.56, 201.44, 140.42
266.89, 224.99, 256.76
15.65, 270.51, 129.94
163.47, 205.09, -7.45
307.24, 219.04, 83.37
694.85, 224.93, -220.93
1352.50, 201.82, 281.38
1539.57, 222.35, 10.68
1547.94, 272.50, -80.13
909.88, 293.94, -385.60
789.05, 253.88, -170.75
833.34, 256.84, -307.20
801.91, 308.13, -464.88
798.39, 275.42, -798.31
926.37, 367.68, -685.23
910.56, 377.92, -697.77
889.93, 416.46, -793.48
1097.12, 412.64, -716.39
1146.57, 323.85, -497.73
1405.30, 267.73, -526.94
1444.38, 267.49, -517.59
1339.10, 272.57, -631.61
1235.19, 385.06, -758.09
1309.55, 345.62, -851.26
1384.02, 300.37, -753.27
1467.13, 269.10, -695.61
1074.89, 471.17, -814.69
1120.04, 409.88, -1002.93
1019.05, 409.81, -1010.18
700.61, 206.04, -866.70
-744.05, 132.37, 3418.61
-605.13, 196.95, 3344.18
-635.66, 207.78, 3404.83
-705.03, 256.85, 3302.86
-733.23, 242.08, 3495.65
-489.02, 156.54, 3619.39
-530.08, 176.88, 3521.19
-789.61, 182.87, 3787.61
-703.73, 138.63, 4054.36
-396.42, 232.90, 3922.88
-174.64, 281.68, 4090.81
-125.22, 268.13, 3507.45
-194.47, 265.06, 3205.43
-181.95, 201.33, 2878.27
-224.50, 201.49, 2811.00
-113.46, 201.91, 2882.48
-153.17, 258.78, 3154.36
-411.37, 234.21, 2889.73
-411.08, 191.37, 3394.52
-783.78, 204.34, 2887.01
-720.05, 205.07, 2758.45
-722.96, 183.63, 2450.62
-309.60, 201.72, 2622.24
-457.56, 169.22, 2392.72
-437.95, 213.73, 2309.40
-542.81, 284.46, 2238.93
-505.11, 300.01, 2169.58
-692.80, 362.11, 2059.33
-747.10, 100.77, 1880.01
-876.47, 139.45, 1723.53
-804.55, 115.53, 1716.14
-826.07, 195.04, 1389.82
-1011.75, 263.39, 1104.59
-719.92, 192.94, 1148.39
-815.04, 190.19, 814.33
-860.57, 199.00, 836.31
-884.89, 190.21, 955.61
-955.11, 275.59, 687.96
-746.48, 225.09, 499.18
-592.00, 305.33, 799.28
-375.53, 226.54, 936.47
-105.29, 244.28, 1122.79
-94.47, 228.83, 1042.26
125.91, 241.28, 883.03
131.18, 218.12, 816.22
201.04, 211.17, 897.42
238.55, 232.01, 938.74
335.66, 203.89, 601.35
278.55, 217.26, 606.70
32.28, 215.42, 673.68
5.09, 229.03, 652.52
-246.82, 303.55, 679.67
418.52, 201.74, 488.02
679.10, 207.71, 426.74
644.70, 203.97, 521.83
738.68, 227.44, 719.43
594.62, 206.69, 858.58
997.30, 308.63, 1253.30
1107.02, 257.12, 1168.15
976.08, 252.52, 966.91
828.62, 249.14, 966.83
755.38, 254.72, 927.69
775.91, 249.41, 752.93
1016.45, 230.26, 771.02
1259.71, 201.12, 853.55
1230.62, 250.04, 1050.38
1484.55, 216.53, 1135.89
1435.18, 216.76, 632.75
1514.55, 241.11, 488.49
1728.56, 247.97, 592.80
1788.27, 211.65, 612.96
1754.84, 275.03, 471.02
2226.77, 270.84, 529.84
2483.88, 209.45, 210.21
2176.67, 280.04, -279.54
1789.61, 216.25, -480.74
1901.13, 253.28, 181.43
1855.91, 255.53, 1.11
1470.62, 206.21, 362.54
1439.21, 201.00, 356.58
1438.06, 221.34, 405.45
1363.42, 205.02, 463.02
1033.71, 207.38, 362.81
1143.76, 205.01, 390.85
1194.93, 201.43, 224.06
613.40, 202.42, 291.72
585.46, 203.73, 326.05
583.46, 203.88, 279.57
557.51, 201.40, 124.64
-66.87, 272.67, 294.22
-88.44, 275.60, 288.11
-150.68, 293.15, 33.03
-133.47, 290.19, 17.35
251.16, 203.38, 54.13
275.02, 204.67, 31.12
345.51, 218.43, 161.95
679.22, 279.18, -370.44
696.58, 280.80, -334.70
963.86, 211.87, 8.60
1079.77, 206.29, 1.59
1284.74, 201.12, 271.12
1507.01, 268.47, -37.59
1488.14, 247.56, -231.07
1147.93, 272.15, -414.62
1135.92, 281.65, -434.75
775.74, 307.67, -650.22
784.33, 201.07, -1297.87
1318.57, 308.43, -1299.06
1234.06, 312.62, -1799.86
-2551.46, 274.16, -4646.11
-3213.20, 248.94, -4430.68
-2751.35, 216.94, -4215.61
-3283.08, 204.58, -3616.14
-3356.44, 202.32, -3562.54
-3449.09, 201.63, -3043.75
-3574.52, 204.40, -3025.42
-3940.79, 202.41, -3312.85
-4885.89, 203.45, -4150.22
-4692.22, 202.88, -3808.76
-4723.51, 212.76, -3649.20
-4313.55, 207.29, -3715.54
-3850.80, 309.20, -2390.68
-3725.95, 250.86, -2309.11
-3806.56, 264.04, -2437.15
-3446.01, 202.20, -2751.50
-3474.99, 207.85, -2137.31
-3474.91, 208.05, -815.34
-3605.32, 218.49, -613.49
-3664.49, 151.95, -621.55
-3920.57, 120.31, -849.00
-3945.67, 159.38, -850.36
-4096.20, 203.40, -1188.82
-6325.98, 261.53, -2464.43
-6482.66, 217.53, -2443.95
-6618.82, 201.14, -2637.04
-6660.27, 217.13, -2554.19
-6382.42, 206.56, -2830.96
-6259.98, 202.13, -3176.57
2191.66, 262.33, 398.74
1841.49, 217.67, -366.46
1645.24, 268.28, -36.90
1540.25, 243.82, 282.75
1237.54, 201.00, 386.42
1125.60, 203.89, 342.35
405.50, 214.63, 386.30
-288.86, 205.86, -890.72
-147.06, 202.59, -506.24
609.94, 311.82, -300.53
623.20, 204.79, -106.09
1345.65, 201.84, 297.99
1419.35, 206.81, -24.92
1488.30, 252.09, -192.33
975.94, 295.74, -438.41
929.42, 284.66, -365.31
887.15, 290.11, -367.61
981.03, 269.54, -251.71
853.50, 208.22, -35.59
1012.17, 350.94, -650.80
1033.68, 393.10, -694.46
1244.17, 308.55, -495.48
1428.36, 307.65, -1261.19
1301.95, 302.60, -1082.77
1115.36, 404.87, -908.10
732.86, 201.90, -1159.57
862.56, 202.96, -1175.69
1347.47, 289.45, -1385.70
1424.32, 285.58, -1357.93
1631.29, 254.18, -1384.70
1663.32, 252.05, -1325.67
1246.43, 328.09, -1954.04
-2375.39, 248.78, -4395.17
-3440.91, 203.39, -4541.35
-3001.82, 240.27, -4486.65
-3235.06, 202.54, -3984.16
-3629.60, 233.42, -3015.96
-3634.82, 201.15, -2908.22
-4927.89, 203.82, -3912.53
-4118.64, 213.14, -2280.81
-3812.32, 253.94, -2460.42
-3583.30, 201.72, -2716.09
-3503.29, 202.65, -2635.89
-3895.01, 138.56, -986.83
-4019.49, 223.36, -663.25
-3978.95, 166.31, -844.65
-6009.99, 213.68, -2557.06
-6004.85, 212.79, -2492.05
-6155.04, 223.98, -2758.88
-6253.68, 258.39, -2611.43
-6389.87, 252.05, -2506.64
-6594.67, 201.24, -2639.17
-6713.40, 201.40, -2745.36
-6385.64, 250.25, -2742.43
-6096.91, 209.08, -2878.10
-6056.22, 201.81, -3295.15
-6166.24, 206.96, -3270.87
-6144.99, 202.59, -3233.49
753.33, 201.45, -1141.79
651.84, 203.62, -1184.79
781.67, 206.21, -1145.60
1652.34, 257.72, -1421.82
1266.08, 269.92, -1588.99
1097.52, 311.24, -1432.37
1401.49, 286.23, -1811.12
-3225.98, 203.53, -4745.34
-2831.96, 210.32, -4208.68
-3621.43, 278.70, -3088.95
-3799.63, 328.19, -3094.95
-3744.74, 204.11, -3268.53
-4715.45, 205.25, -4063.24
-4891.25, 205.51, -3985.00
-4763.06, 223.42, -3690.05
-4690.94, 204.62, -3559.16
-4028.50, 208.10, -2500.90
-4099.61, 246.37, -2351.82
-4109.06, 202.62, -2332.46
-3927.92, 228.97, -2125.22
-3720.82, 227.67, -2524.24
-3682.68, 204.58, -1976.61
-3773.55, 143.33, -975.15
-3673.71, 202.51, -553.96
-3833.20, 129.76, -669.03
-3770.88, 168.21, -607.88
-4032.58, 214.16, -709.12
-3883.44, 150.27, -766.25
-3925.90, 130.61, -703.27
-6150.23, 209.79, -2514.14
-6440.04, 236.74, -2470.75
-6421.56, 206.78, -2442.63
-6390.04, 202.03, -2887.43
-6194.92, 209.72, -2893.85
-6206.54, 208.48, -2863.22
829.39, 299.33, -954.34
689.76, 206.91, -900.08
1094.26, 200.23, -1237.60
1269.12, 275.21, -1175.56
1664.01, 259.99, -1437.23
1697.39, 217.78, -1488.31
1244.73, 272.70, -1618.59
-3323.39, 271.99, -4437.57
-2889.47, 204.57, -4229.84
-3230.95, 215.91, -3579.81
-3386.70, 202.01, -3260.80
-3491.68, 202.09, -3232.98
-4756.74, 205.06, -4686.11
-4736.97, 226.12, -3769.16
-3963.20, 202.77, -3041.65
-3957.84, 205.33, -2983.75
-3898.99, 206.86, -2900.53
-4174.04, 224.11, -2266.33
-3866.87, 203.34, -2072.14
-3795.81, 202.99, -1321.83
-3667.29, 201.64, -996.71
-3863.15, 122.35, -919.42
-3851.84, 104.26, -814.67
-3842.48, 112.73, -850.73
-3664.49, 146.01, -848.87
-3781.33, 227.88, -598.62
-3954.50, 163.13, -756.41
-3922.14, 127.57, -758.59
-4050.96, 249.82, -1233.96
-5975.22, 237.86, -2604.90
-6216.19, 258.55, -2660.73
-6217.32, 248.62, -2637.42
-6489.98, 202.26, -2637.35
-6520.38, 230.69, -2594.36
-6689.46, 202.48, -2708.74
-6286.13, 221.39, -2941.29
-6246.70, 202.73, -3107.73
-6026.83, 204.52, -3243.57
1452.06, 277.92, -1023.21
1421.67, 267.24, -1165.74
851.27, 295.76, -1011.31
686.39, 203.43, -1003.11
1332.32, 278.79, -1773.83
-2392.36, 202.36, -4505.72
-2467.53, 254.24, -4552.06
-2493.77, 245.53, -4225.07
-2666.12, 207.60, -4073.88
-3068.14, 209.40, -4544.57
-3217.65, 260.72, -4536.29
-2973.86, 203.64, -4214.68
-3306.20, 203.69, -3665.77
-3322.80, 210.40, -3561.65
-3549.65, 205.32, -3089.97
-3580.93, 259.02, -3174.05
-4258.26, 203.50, -3802.05
-5018.52, 203.58, -4184.40
-4748.03, 217.47, -3735.69
-3825.88, 226.26, -2556.03
-3919.87, 232.42, -2141.96
-3603.90, 201.62, -2534.91
-3774.64, 201.15, -1238.00
-3823.39, 125.59, -937.87
-3800.69, 108.84, -891.88
-3855.12, 113.90, -889.41
-3585.34, 177.09, -763.82
-3592.95, 207.82, -586.92
-3971.24, 207.31, -717.77
-4003.90, 206.74, -978.14
-3966.66, 169.10, -918.22
-4942.27, 202.52, -2535.13
-5834.10, 210.54, -2479.33
-6110.33, 218.69, -2458.33
-6177.26, 219.49, -2480.90
-6038.55, 205.63, -2603.51
-6168.56, 236.65, -2652.49
-6191.51, 235.37, -2529.96
-6596.87, 203.60, -2600.06
-6478.26, 202.36, -2811.74
-6329.65, 209.43, -2714.89
-6256.82, 250.67, -2766.09
-6237.02, 201.58, -2811.55
-6295.97, 207.91, -3007.42
662.92, 202.47, -776.81
1206.99, 300.23, -572.60
1551.75, 267.85, -770.92
1409.91, 334.06, -932.23
1385.35, 334.25, -948.02
1382.85, 317.49, -1316.93
1025.05, 332.62, -971.91
1056.53, 317.25, -1117.39
693.13, 203.56, -1163.89
1477.45, 259.78, -1687.76
1148.06, 300.54, -1545.70
1133.52, 274.60, -1613.61
1238.21, 260.86, -1684.88
1320.68, 255.42, -1671.17
-2620.63, 232.66, -4295.69
-3279.79, 201.83, -4722.17
-2830.51, 201.98, -4480.90
-2777.86, 229.67, -4508.46
-2712.81, 217.16, -4223.12
-3241.95, 211.76, -3593.09
-3695.94, 204.99, -3313.42
-4749.02, 206.13, -4081.19
-4326.84, 207.01, -3726.54
-3879.03, 238.46, -2539.81
-4053.91, 203.59, -2398.24
-3962.04, 264.62, -2262.36
-3572.89, 236.26, -2056.58
-3511.11, 201.39, -1183.99
-3894.02, 118.13, -867.11
-3812.65, 256.18, -524.47
-3709.68, 204.87, -324.14
-6145.50, 220.01, -2530.41
-6071.94, 201.43, -2671.17
-6347.95, 280.99, -2696.69
-6568.51, 201.00, -2675.59
-6304.64, 255.01, -2498.11
-6789.44, 201.17, -2678.17
-6236.86, 210.30, -2874.41
654.57, 202.89, -1112.14
537.85, 201.57, -1196.56
946.90, 202.47, -1219.62
1439.10, 242.31, -1484.02
1315.70, 255.65, -1688.56
1342.13, 265.83, -1735.42
-2296.97, 202.82, -4167.05
-2784.32, 208.22, -4565.20
-3259.79, 256.96, -4424.91
-3024.75, 202.10, -4214.89
-3347.77, 202.17, -3698.68
-3529.88, 215.89, -3271.65
-4738.65, 204.60, -3766.18
-4697.76, 207.37, -3648.11
-4636.35, 201.21, -3716.95
-4013.16, 234.65, -2470.54
-3846.61, 270.32, -2284.23
-3527.79, 202.32, -2786.54
-3489.48, 213.13, -2157.27
-3690.20, 135.81, -890.07
-3882.72, 121.49, -909.20
-3815.31, 116.70, -861.24
-3791.24, 113.60, -775.18
-3586.69, 148.00, -762.93
-3555.34, 207.64, -637.59
-3608.27, 128.67, -688.41
-3736.33, 124.87, -655.70
-3888.36, 210.86, -483.85
-4066.59, 214.27, -837.01
-5970.87, 204.72, -2481.27
-6051.75, 201.54, -2493.85
-6223.97, 232.46, -2443.17
-6106.69, 224.80, -2762.53
-6167.14, 220.41, -2730.88
-6265.16, 272.84, -2611.68
-6120.01, 201.57, -3314.13
-6297.77, 202.53, -3181.57
1137.38, 296.95, -532.79
1329.89, 291.19, -423.83
1416.12, 308.16, -1249.69
1021.48, 413.47, -1053.08
753.77, 203.89, -1030.06
770.07, 201.81, -1115.60
761.00, 200.72, -1217.00
1152.86, 200.87, -1180.89
1359.02, 270.55, -1201.18
1297.23, 290.63, -1376.42
1407.12, 272.47, -1764.15
1360.27, 317.41, -1922.18
1391.25, 332.46, -1963.44
-2494.31, 231.22, -3874.72
-2486.02, 219.03, -4099.51
-2329.30, 225.72, -4430.36
-2359.25, 234.79, -4449.49
-2419.68, 307.27, -4328.62
-2651.68, 211.59, -4083.25
-3464.95, 202.27, -4583.96
-2915.29, 205.96, -4133.64
-3224.79, 218.25, -3936.92
-3357.67, 201.49, -3740.23
-3293.10, 223.81, -3514.44
-3296.60, 203.30, -3374.35
-4709.72, 223.74, -3761.45
-4730.98, 219.75, -3697.10
-4669.37, 204.71, -3706.00
-3793.74, 202.18, -2630.88
-4007.90, 219.01, -2514.75
-3865.42, 303.09, -2435.65
-3532.44, 202.42, -2571.90
-3476.64, 201.83, -2477.10
-3635.30, 201.52, -2441.25
-3799.52, 162.24, -1031.46
-3659.27, 144.65, -875.27
-3591.39, 182.19, -732.79
-3797.46, 128.68, -658.58
-3757.97, 201.52, -305.99
-4017.56, 209.02, -938.68
-6140.02, 221.48, -2451.06
-6194.52, 234.11, -2756.07
-6333.72, 250.37, -2434.93
-5993.28, 227.13, -2876.98
587.09, 200.98, -1208.51
1488.30, 279.98, -1303.23
1273.42, 276.42, -1724.12
1362.17, 255.71, -1711.49
1417.60, 291.63, -1837.71
-2620.29, 209.82, -4104.77
-3241.23, 274.34, -4614.39
-2697.23, 240.42, -4357.09
-3185.57, 203.69, -3451.05
-3585.59, 251.67, -3222.84
-3500.22, 217.88, -2188.56
-3647.08, 114.30, -833.68
-3562.29, 216.63, -561.00
-4084.20, 202.29, -1123.13
-4806.65, 204.16, -2503.55
-6225.43, 233.53, -2417.21
-6173.98, 230.61, -2587.66
-6456.69, 207.12, -2694.71
-6659.33, 208.38, -2607.10
-6745.62, 208.21, -2716.53
-6737.74, 213.26, -2604.52
-6784.96, 201.56, -2704.66
-6314.34, 227.53, -2869.89
1752.54, 207.49, -299.85
1785.71, 209.43, -295.95
1311.16, 206.37, 341.61
446.70, 212.49, 311.07
286.74, 230.60, 363.78
139.44, 248.79, 217.94
-201.91, 290.40, 189.93
-239.31, 252.89, -55.08
14.35, 265.13, 3.45
102.97, 246.32, 139.38
415.69, 200.96, 151.34
562.24, 201.00, 53.57
939.09, 211.67, 23.24
1403.82, 217.33, 87.11
1479.01, 223.11, 35.87
1479.58, 210.47, 4.57
1367.90, 277.65, -386.38
1111.03, 262.40, -386.65
802.85, 286.90, -409.83
798.97, 294.96, -440.14
1442.29, 270.18, -501.67
1491.63, 270.27, -1109.58
1359.43, 308.29, -1234.03
1358.52, 289.61, -1073.24
1098.08, 201.61, -1176.46
1400.89, 294.55, -1352.92
1449.96, 278.59, -1365.40
1764.94, 209.55, -1357.36
1686.23, 231.68, -1374.36
1333.72, 247.42, -1511.58
1265.64, 312.05, -1803.12
1192.97, 309.80, -1755.74
-2606.92, 220.94, -3874.48
-2248.67, 202.50, -4230.75
-2504.66, 425.78, -4360.72
-2690.49, 207.47, -4095.03
-2679.86, 208.71, -4113.19
-3439.44, 308.23, -4637.22
-3231.03, 201.14, -3332.76
-3085.20, 202.83, -3154.19
-3863.31, 352.85, -3125.93
-3858.59, 209.03, -3258.41
-4703.10, 217.92, -3736.30
-4073.51, 275.62, -2271.44
-3902.08, 219.93, -2118.63
-3827.52, 201.76, -1273.18
-3569.12, 207.84, -906.58
-3612.19, 202.95, -990.60
-3827.30, 137.48, -990.56
-3644.82, 128.20, -909.91
-3737.82, 123.59, -811.71
-3731.88, 133.97, -727.88
-3753.72, 137.12, -724.53
-3916.51, 194.31, -640.99
-4049.66, 214.19, -783.02
-3994.20, 202.16, -1274.13
-5988.94, 202.58, -2435.92
-6134.83, 222.74, -2481.90
-6183.60, 230.09, -2728.34
-6252.09, 323.84, -2681.47
-6371.45, 212.66, -2433.82
993.16, 317.52, -1139.62
1196.47, 293.04, -1139.60
1176.56, 296.93, -1582.54
1178.50, 299.72, -1430.46
1410.70, 287.23, -1814.75
-2398.09, 256.82, -4245.45
-2364.69, 248.24, -4341.87
-3397.02, 252.07, -4509.87
-3242.62, 201.85, -3869.87
-3355.54, 238.75, -3471.56
-3423.11, 202.23, -3076.26
-3634.07, 276.53, -3119.62
-3686.21, 288.10, -3053.71
-4169.05, 201.81, -3811.22
-4258.57, 203.15, -4107.89
-4286.34, 202.97, -3668.97
-4006.04, 202.88, -2371.55
-3740.35, 242.46, -2179.95
-3718.57, 252.20, -2360.09
-3700.11, 129.23, -994.52
-3797.49, 126.39, -917.93
-3681.61, 172.64, -948.86
-3680.38, 122.56, -956.23
-3721.75, 118.22, -899.39
-3736.21, 125.71, -789.86
-3633.24, 123.37, -764.79
-4032.10, 197.47, -798.48
-3971.01, 177.89, -967.32
-5814.34, 201.61, -2697.62
-5953.58, 201.38, -2663.73
-6407.07, 253.48, -2637.45
-6519.32, 201.27, -2687.43
-6372.09, 204.37, -2363.98
-6290.82, 241.04, -2841.98
1280.49, 275.49, -1168.03
1265.80, 312.38, -1310.36
1190.70, 313.38, -1317.31
1382.24, 273.95, -1687.44
1240.13, 264.45, -1710.94
1350.29, 270.46, -1758.01
1328.09, 287.64, -1818.68
-2360.99, 245.74, -4181.02
-2300.00, 224.21, -4217.90
-2707.34, 258.14, -4531.63
-3191.22, 203.61, -3561.91
-3448.68, 201.37, -3444.67
-3501.44, 205.75, -3342.57
-3590.24, 220.04, -3280.57
-3568.76, 201.27, -2872.14
-3848.57, 325.51, -3079.71
-3753.03, 201.19, -3432.86
-4294.44, 217.68, -3902.25
-4460.61, 220.38, -3815.05
-5091.64, 204.84, -4211.64
-4729.88, 217.24, -3681.04
-4703.31, 212.88, -3659.47
-4687.20, 214.97, -3673.29
-3806.42, 227.96, -2529.20
-3959.03, 270.74, -2477.54
-3432.66, 205.08, -2173.12
-3579.80, 214.97, -2005.17
-3568.75, 216.19, -1973.46
-3557.47, 202.34, -746.63
-3815.39, 224.15, -460.89
-5974.65, 214.82, -2615.05
-6357.60, 318.16, -2662.93
-6416.10, 250.63, -2679.25
-6413.40, 251.82, -2477.33
-6068.60, 209.81, -2877.25
1469.79, 267.62, -1154.10
1461.66, 288.83, -1301.83
1386.54, 275.42, -1204.32
1419.59, 268.40, -1119.37
1318.48, 295.36, -1052.13
1170.12, 304.07, -1129.66
1469.54, 268.86, -1755.03
1216.40, 319.99, -1869.63
-2572.60, 222.10, -4161.16
-3044.56, 245.59, -4458.92
-3446.43, 201.28, -3398.57
-3235.94, 228.84, -3473.75
-3134.50, 204.78, -3464.32
-3212.73, 209.73, -3400.24
-3806.43, 224.53, -3183.18
-5078.56, 202.86, -4162.56
-3993.81, 201.56, -2908.05
-3791.55, 216.89, -2575.62
-3829.43, 236.19, -2515.23
-3898.35, 250.86, -2517.58
-3947.64, 266.60, -2488.25
-3980.49, 268.34, -2261.44
-3938.28, 314.20, -2392.80
-3665.35, 241.60, -2317.09
-3642.47, 203.63, -2280.16
-3778.45, 208.40, -1905.43
-3867.60, 202.34, -1182.24
-3850.41, 121.73, -905.70
-3880.71, 230.35, -611.92
-3976.16, 211.83, -1044.55
-5783.74, 210.69, -2583.73
-5809.51, 211.96, -2569.97
-5824.19, 217.96, -2542.61
-6186.02, 226.40, -2448.75
-6251.54, 251.70, -2592.39
-6307.10, 252.55, -2545.76
-6337.64, 204.48, -2947.24
-6032.75, 227.77, -2957.94
-6040.56, 202.17, -3219.75
1031.75, 385.06, -670.14
1389.83, 277.65, -667.27
1234.68, 375.28, -786.10
1249.90, 381.93, -920.74
680.33, 211.19, -940.75
768.66, 201.95, -1062.97
963.15, 201.13, -1266.75
1466.21, 288.82, -1328.53
1265.87, 262.75, -1723.46
1332.09, 333.98, -1986.31
1393.69, 331.92, -2040.80
-2453.03, 223.44, -4135.76
-3463.89, 202.38, -3062.64
-3703.32, 202.24, -2879.74
-3896.59, 213.13, -3254.33
-4802.96, 203.49, -4109.26
-4760.66, 203.22, -4011.88
-4737.59, 220.76, -3749.91
-4764.61, 230.40, -3713.29
-3948.69, 201.56, -2894.71
-3981.20, 277.01, -2461.03
-4116.96, 201.54, -2404.85
-3737.16, 236.88, -2203.34
-3524.95, 201.08, -2723.23
-3584.78, 201.42, -2460.97
-3654.98, 222.80, -1989.47
-3907.56, 201.47, -1151.58
-3842.08, 203.12, -1206.79
-3561.40, 203.97, -847.65
-3879.68, 119.34, -878.69
-3673.35, 123.56, -730.62
-3682.25, 142.00, -720.29
-3751.16, 158.01, -610.90
-3994.15, 196.34, -876.92
-5068.83, 201.60, -2371.61
-6059.11, 213.84, -2536.65
-6098.75, 207.89, -2749.67
-6362.07, 282.29, -2638.32
-6497.47, 201.06, -2676.74
-6092.81, 216.34, -2934.86
644.96, 202.11, -926.00
769.17, 202.71, -1085.60
1601.24, 255.76, -1322.74
1185.91, 307.06, -1795.30
-2436.17, 254.39, -4469.03
-3526.78, 206.99, -3405.71
-3174.31, 203.07, -3236.56
-3403.71, 201.13, -3051.80
-3534.59, 204.21, -3045.97
-3827.75, 203.28, -2962.95
-4824.09, 206.15, -4008.81
-4901.47, 202.53, -3856.23
-4700.13, 203.01, -3618.35
-4629.98, 201.22, -3739.59
-4092.48, 207.36, -3137.91
-3720.40, 202.27, -2812.40
-3425.28, 204.70, -2624.63
-3513.89, 227.38, -2260.58
-3686.72, 228.16, -2041.63
-3779.44, 120.25, -823.72
-3711.11, 122.81, -850.27
-3871.40, 148.40, -757.12
-5829.44, 207.54, -2583.57
-6165.69, 215.70, -2781.56
-6314.19, 384.87, -2654.31
-6434.25, 249.36, -2529.19
-6730.61, 203.01, -2559.60
-6247.98, 253.64, -2733.83
-6131.91, 205.03, -2872.33
-6269.28, 204.54, -3136.93
686.51, 203.74, -827.36
1235.40, 287.67, -547.88
1392.14, 268.32, -585.14
1129.87, 349.51, -1055.58
729.28, 202.21, -1017.67
1076.84, 201.53, -1191.54
1317.11, 269.24, -1138.61
1435.12, 280.50, -1386.11
1720.80, 214.94, -1343.38
-2213.75, 229.51, -4285.30
-2514.90, 278.26, -4609.87
-2555.32, 357.85, -4479.54
-2551.89, 257.85, -4216.35
-2734.54, 208.33, -4149.84
-3233.63, 204.04, -4683.01
-2723.17, 233.82, -4436.14
-3073.07, 215.31, -4276.54
-3374.74, 203.50, -3472.86
-3786.26, 214.53, -2987.89
-4325.90, 204.72, -3803.55
-4814.74, 203.94, -3928.69
-4830.28, 202.92, -3581.86
-4595.68, 201.10, -3765.69
-3865.74, 252.49, -2493.44
-3803.78, 286.18, -2339.03
-3975.16, 249.12, -2182.06
-3572.19, 249.01, -2209.61
-3553.11, 238.99, -2155.57
-3587.66, 216.47, -1993.52
-3858.34, 124.17, -935.66
-3943.44, 128.43, -1026.62
-3902.82, 122.23, -968.18
-3820.93, 113.73, -838.93
-3647.59, 136.33, -640.06
-3919.86, 121.92, -872.67
-4040.84, 212.15, -901.50
-4958.85, 220.46, -2523.45
-5891.06, 204.26, -2575.24
-6214.28, 244.82, -2543.19
-6600.54, 201.62, -2701.44
-6174.95, 201.96, -2993.75
