2488.35, 347.29, 2453.15
2494.74, 348.10, 2455.07
2419.16, 362.68, 2487.14
2369.91, 382.09, 2363.76
2402.21, 280.00, 2248.47
2519.42, 436.76, 2624.33
2513.65, 479.19, 2622.28
2523.62, 534.44, 2625.65
2524.08, 598.21, 2625.94
2324.44, 501.57, 2511.32
2336.64, 502.36, 2518.05
2309.66, 491.02, 2541.80
2309.08, 491.04, 2539.80
2315.44, 493.17, 2535.25
2317.36, 395.74, 2458.34
2224.26, 359.33, 2480.74
2351.53, 361.89, 2795.19
2351.05, 361.65, 2796.46
2221.40, 375.68, 2765.62
2249.10, 281.22, 2893.28
2276.85, 286.66, 2874.81
2298.15, 278.84, 2871.92
2075.27, 387.28, 2612.68
2064.11, 391.86, 2596.71
2087.02, 386.93, 2584.29
2131.71, 396.13, 2595.01
2122.26, 412.33, 2643.01
2211.72, 441.61, 2623.35
2387.13, 590.30, 2623.47
2013.89, 405.50, 2600.94
2012.34, 407.77, 2610.49
2030.08, 415.24, 2619.20
2015.04, 407.79, 2611.33
1975.04, 374.89, 2385.24
1746.08, 410.02, 2239.55
2066.90, 327.40, 2749.06
1997.39, 336.05, 2793.31
1992.98, 333.89, 2771.87
1986.64, 335.08, 2784.36
1867.68, 303.69, 2737.57
1894.36, 367.90, 2697.80
1898.37, 368.10, 2691.86
1847.25, 394.24, 2639.09
1852.50, 394.18, 2633.88
1952.16, 385.07, 2731.84
1837.47, 280.00, 2373.28
1827.22, 280.00, 2367.95
1856.27, 280.00, 2347.50
1827.46, 280.00, 2366.93
1986.47, 200.62, 1084.59
1846.66, 229.08, 1289.83
1866.15, 234.98, 1350.34
1860.73, 232.34, 1347.50
1828.11, 230.09, 1351.85
1846.99, 229.50, 1383.72
1816.06, 234.68, 1376.55
1831.70, 235.54, 1345.73
1838.86, 229.50, 1357.77
2070.25, 346.82, 1880.18
2054.89, 339.44, 1873.67
2052.43, 303.91, 1764.97
2068.58, 306.04, 1762.15
2031.23, 280.26, 1675.28
2011.06, 280.00, 1685.46
2017.29, 280.00, 1648.04
2026.81, 280.01, 1664.13
2011.48, 280.69, 1606.09
1992.10, 286.89, 1558.89
1954.11, 280.77, 1558.14
1992.83, 286.59, 1560.06
1976.26, 280.31, 1555.39
1966.15, 280.83, 1554.06
1970.96, 280.00, 1541.69
1972.36, 280.11, 1564.95
1969.39, 280.20, 1575.75
2036.53, 291.57, 1557.18
2044.51, 287.07, 1478.26
2050.51, 284.42, 1476.19
2014.08, 284.46, 1498.70
2025.21, 287.87, 1501.35
2028.53, 289.85, 1510.34
2035.29, 293.46, 1514.70
2043.74, 299.04, 1511.89
2053.13, 303.81, 1509.10
2059.28, 303.85, 1514.50
2063.98, 310.35, 1530.82
2064.92, 315.75, 1542.23
2067.31, 318.09, 1551.27
2164.60, 286.91, 1603.72
2165.86, 286.20, 1592.89
2190.56, 291.44, 1605.15
2162.24, 304.52, 1628.23
2165.69, 286.88, 1604.41
2179.01, 286.80, 1526.52
2200.82, 286.76, 1516.14
2431.08, 324.18, 1450.11
2432.27, 324.95, 1455.04
2435.25, 327.10, 1459.66
2438.00, 330.28, 1465.41
2433.81, 332.63, 1472.84
2427.91, 333.35, 1478.97
2421.81, 333.41, 1483.78
2419.35, 334.52, 1487.00
2297.75, 297.26, 1588.74
2249.32, 366.82, 1841.17
2253.33, 366.94, 1841.56
2253.83, 366.64, 1845.03
2251.98, 366.79, 1847.72
2248.81, 366.80, 1847.25
2247.67, 366.51, 1844.63
2245.08, 362.65, 1843.67
2248.52, 362.30, 1839.32
2254.40, 362.11, 1839.53
2256.20, 362.34, 1845.15
2252.90, 362.44, 1849.71
2248.24, 362.11, 1849.52
2250.95, 370.67, 1844.59
2248.83, 353.28, 1859.75
2272.98, 356.60, 1893.86
2237.12, 317.04, 1676.42
2288.96, 319.06, 1689.05
2271.88, 322.13, 1696.72
2388.82, 339.91, 1684.46
2122.29, 377.62, 1888.29
2171.15, 374.92, 1903.46
2137.14, 375.78, 1893.63
2201.45, 381.01, 1926.66
2204.14, 381.14, 1925.18
2201.79, 381.08, 1930.20
2211.23, 381.53, 1922.69
2216.32, 383.23, 1925.34
1948.96, 279.76, 1959.81
1953.92, 281.32, 1974.87
1941.24, 280.49, 1960.33
1930.68, 282.19, 2159.75
1937.33, 292.13, 2143.63
1930.97, 289.27, 2136.18
1909.08, 281.59, 2231.69
1913.92, 283.82, 2227.72
1916.22, 285.57, 2223.94
1919.48, 287.28, 2222.31
1920.69, 288.46, 2225.99
1924.46, 290.75, 2230.43
1907.28, 281.44, 2234.26
2013.79, 557.10, 2208.43
2008.86, 557.43, 2212.20
2012.56, 556.90, 2215.44
2011.20, 558.04, 2208.59
2121.26, 460.47, 2212.70
2161.19, 500.17, 2214.49
2129.43, 458.77, 2210.81
2249.51, 395.88, 2148.38
2245.61, 395.83, 2150.91
2249.96, 395.54, 2155.48
2277.92, 421.89, 2131.79
2304.13, 384.64, 2109.33
2229.51, 283.19, 2297.19
2347.24, 310.05, 2150.82
2346.00, 329.99, 2133.39
2351.24, 311.94, 2158.38
2624.65, 340.92, 2254.26
2646.32, 347.59, 2254.02
2657.48, 341.92, 2261.59
2725.79, 340.35, 2201.40
2687.83, 340.62, 2148.39
2409.78, 407.00, 2012.44
2410.96, 403.85, 1992.39
2389.84, 412.53, 1998.60
2388.30, 336.11, 2028.77
2377.75, 337.47, 1930.43
2357.49, 336.10, 1957.99
2407.03, 376.16, 1966.67
2380.66, 334.43, 1973.72
2428.54, 394.75, 1959.87
2457.15, 364.38, 1826.77
2465.69, 364.46, 1821.45
2467.84, 365.87, 1828.77
2460.71, 364.37, 1823.75
2458.39, 364.48, 1830.88
2464.78, 365.20, 1827.12
2469.48, 364.98, 1814.47
2467.55, 365.59, 1826.01
2557.92, 373.47, 1744.67
2576.36, 366.61, 1776.30
2569.58, 364.51, 1778.00
2528.93, 360.43, 1781.57
2464.06, 332.22, 1806.45
2487.62, 322.68, 1829.26
2480.73, 324.75, 1859.14
2478.27, 329.17, 1868.78
2137.13, 387.87, 2177.99
2139.24, 391.79, 2185.52
2139.25, 388.75, 2174.63
2139.89, 389.42, 2169.15
2136.24, 388.49, 2181.39
2195.99, 375.34, 2094.59
2238.17, 349.15, 2114.19
2257.41, 346.59, 2093.22
2225.93, 347.02, 2106.38
2215.01, 346.58, 2103.32
1774.62, 332.86, 2186.48
1770.48, 334.18, 2183.16
1768.69, 338.29, 2204.08
2334.29, 281.85, 2079.59
2335.32, 294.59, 2061.95
