-473.35, 201.97, -812.02
-443.55, 206.68, -819.97
-352.09, 201.25, -781.33
-329.23, 202.78, -779.48
-271.09, 202.04, -832.54
-75.14, 205.34, -689.89
437.17, 182.90, 902.61
378.75, 204.44, 898.04
391.59, 220.34, 738.43
376.57, 219.62, 732.80
289.50, 206.11, 688.63
330.49, 202.21, 875.44
280.30, 227.05, 927.32
139.45, 243.11, 1030.72
241.25, 227.69, 1106.98
63.47, 207.60, 1385.76
-117.12, 330.10, 1565.60
-623.30, 198.25, 1491.98
-344.73, 220.16, 1122.69
-310.71, 238.70, 1040.26
-278.21, 247.24, 706.96
-264.99, 251.59, 695.76
-296.96, 249.95, 687.57
-310.05, 248.58, 703.95
-555.06, 344.56, 578.93
-600.11, 348.93, 569.69
-788.79, 171.41, 786.10
-671.08, 148.01, 879.68
-644.52, 148.04, 902.60
-655.95, 168.59, 1087.65
-892.41, 180.38, 1031.04
-876.88, 156.61, 1273.86
-820.17, 153.88, 1641.67
-917.19, 180.41, 1685.37
-979.05, 232.28, 1886.92
-842.51, 162.28, 1907.34
-1237.92, 211.57, 2108.75
-1409.14, 339.92, 2093.23
-1422.49, 340.88, 2102.11
-1544.55, 402.77, 2194.85
-1573.93, 414.66, 2211.35
-1607.74, 404.92, 2249.76
-1413.59, 256.91, 2220.18
-1541.83, 127.25, 2188.80
-1524.10, 136.99, 2218.85
-1516.72, 135.61, 2465.79
-1494.60, 136.21, 2462.54
-1231.25, 301.58, 2487.98
-1211.39, 291.76, 2495.33
-1169.05, 297.39, 2485.75
-1063.13, 254.54, 2215.00
-948.17, 209.84, 2221.99
-959.45, 223.86, 2444.70
-943.27, 208.85, 2233.87
-844.49, 164.40, 2078.40
-787.43, 139.39, 1982.77
-772.67, 139.01, 1970.82
-742.00, 103.30, 1905.72
-895.97, 118.40, 1780.38
-695.42, 137.05, 1627.82
-639.59, 161.22, 1576.13
-614.69, 155.62, 1603.61
-577.19, 149.67, 1650.48
-580.19, 173.27, 1812.54
-648.62, 150.38, 1893.83
-469.82, 140.78, 1886.82
-479.67, 147.28, 1913.97
-517.02, 182.89, 1901.60
-496.18, 255.92, 1951.09
-385.15, 137.56, 2225.96
-606.44, 114.55, 2209.61
-709.12, 174.62, 2514.13
-732.39, 171.04, 2661.66
-885.81, 224.96, 2848.08
-875.95, 225.52, 2867.52
-758.19, 215.13, 3087.04
-854.16, 15.06, 3217.00
-924.91, 209.18, 2996.53
-947.59, 211.40, 2998.52
-988.79, 338.85, 3141.08
-976.87, 366.15, 3245.13
-1349.47, 281.23, 3604.91
-1375.29, 271.88, 3585.79
-1389.13, 270.18, 3576.80
-1438.67, 130.69, 3335.57
-1256.80, 181.51, 3045.41
-1095.98, 211.66, 2977.71
-1183.60, 244.76, 2903.70
-1340.12, 197.03, 2948.73
-1375.13, 196.16, 2938.34
-1473.67, 234.11, 2959.53
-1620.05, 216.24, 2942.10
-1617.69, 217.62, 2964.91
-1730.19, 186.74, 3002.93
-1897.71, 11.00, 3249.81
-1810.81, 98.24, 3560.92
-1974.34, 378.72, 3505.43
-1956.23, 427.75, 3682.62
-2377.05, 217.27, 4010.14
-2313.81, 230.46, 3997.77
-2416.84, 270.75, 4126.51
-2292.23, 281.13, 4359.64
-2676.71, 209.76, 4653.33
-3170.22, 40.84, 4348.75
-3207.90, 35.88, 4318.93
-2970.46, 145.97, 4648.89
-2513.53, 136.56, 4920.27
-2089.09, 103.12, 4380.05
-1660.92, 34.39, 4496.98
-2362.66, 0.55, 5453.10
-2741.97, 51.21, 5788.12
-2585.17, 0.54, 5911.25
-2618.89, 37.59, 5802.48
-2565.96, -19.97, 5760.43
-2413.04, -47.14, 5891.78
-2385.90, -38.84, 5972.69
-2252.96, -93.31, 6023.25
-2248.94, -49.57, 5949.23
-2124.09, -43.03, 5944.00
-2136.87, 28.96, 5873.31
-2316.64, -49.33, 5731.51
-2104.89, -34.00, 5771.09
-2039.16, 17.21, 5709.51
-2125.37, 11.46, 5527.59
-2022.46, -21.95, 5537.30
-1522.37, 16.63, 5484.67
-1509.39, 15.44, 5502.27
-1145.21, -32.58, 5451.57
-836.58, -265.14, 5720.19
-385.05, -246.98, 5427.15
-938.61, -34.18, 5023.24
-666.48, -66.59, 4441.94
-1227.48, 129.44, 4580.10
-1364.24, 181.37, 4257.64
-1432.93, 294.69, 3690.86
-1105.95, 265.44, 3949.97
-1004.52, 266.27, 3375.68
-752.83, 257.66, 3381.35
-528.82, 197.12, 3734.03
-322.16, 166.44, 3872.09
-253.05, 87.97, 3967.65
-259.00, 241.12, 3937.84
-275.05, 244.07, 3931.81
-535.21, -41.98, 3823.49
-633.55, 33.40, 3735.35
-456.10, 232.88, 3326.96
-423.59, 242.24, 3334.20
-444.64, 201.79, 3010.56
-509.64, 202.08, 3016.16
-380.78, 202.88, 2905.95
-132.84, 201.38, 2643.83
-117.17, 202.14, 2639.96
-51.43, 205.75, 2642.78
163.79, 255.81, 2857.05
513.80, 276.23, 2434.61
26.35, 166.42, 2566.57
-83.38, 224.92, 2396.90
-211.62, 309.75, 2110.29
-210.91, 321.34, 2089.13
-226.94, 306.44, 1929.68
369.96, 267.60, 1629.07
650.61, 167.33, 1185.31
613.68, 205.87, 1286.03
693.67, 305.53, 1481.33
776.75, 323.97, 1488.27
848.31, 340.28, 1503.13
910.57, 328.58, 1500.75
874.22, 353.36, 1492.59
843.85, 391.02, 1450.90
859.42, 402.17, 1444.10
819.74, 426.05, 1444.89
828.13, 276.33, 1327.70
758.40, 229.65, 1277.51
884.77, 235.76, 1238.92
845.83, 331.60, 1140.83
1008.03, 339.97, 1178.92
970.39, 334.21, 1419.41
972.88, 329.04, 1501.19
1100.19, 236.75, 1614.96
1094.57, 231.70, 1630.31
1109.22, 232.63, 1646.49
1104.72, 232.74, 1653.07
1125.07, 211.10, 900.69
1662.37, 263.62, -1213.96
1671.79, 260.35, -719.87
2072.02, 211.03, -41.96
2075.06, 261.68, -342.58
2148.45, 214.35, -581.17
2451.95, 301.44, -343.38
2410.07, 238.27, 159.21
2450.88, 224.44, 354.33
2470.75, 212.25, 204.73
2619.14, 207.82, 29.43
2595.70, 212.93, 210.58
2599.51, 210.05, 246.17
2740.61, 227.07, 543.46
2689.29, 239.88, 221.23
2730.93, 204.39, 39.12
2674.45, 223.15, -486.18
2692.89, 245.93, -1213.49
2705.37, 262.28, -1347.55
2808.97, 279.31, -1552.76
2908.92, 254.25, -1629.78
2246.22, 206.90, -1802.47
-3174.12, 41.31, 4350.54
-2966.21, 144.37, 4632.09
-3065.27, 304.32, 4957.16
-2552.75, 185.24, 4793.40
-2255.61, 232.02, 4633.12
-2167.68, 214.08, 4498.99
-2128.50, 41.79, 4338.88
-2026.88, 101.93, 4455.48
-1777.59, 303.74, 4066.16
-2100.68, -32.60, 5440.42
-2178.33, 26.54, 5323.09
-2361.87, -23.78, 5448.39
-2732.65, 11.73, 5279.01
-2633.10, 27.38, 5380.19
-2668.73, 11.96, 5699.78
-2588.39, 12.85, 5857.97
-2621.17, -16.47, 5741.69
-2507.86, -40.88, 5729.56
-2516.45, -55.60, 5685.59
-2451.06, 38.43, 5671.52
-2450.96, -37.35, 5740.02
-2323.36, -53.52, 6018.91
-2287.26, -98.10, 5981.05
-2298.97, -91.46, 5950.24
-2195.49, 63.80, 5936.60
-2049.66, 10.69, 5658.54
-2142.50, 15.96, 5607.62
-2079.70, -25.12, 5581.09
-2005.75, -1.12, 5570.96
-1795.03, -32.59, 5535.33
-822.68, -265.93, 5757.74
-760.21, -270.29, 5974.94
-461.75, -42.42, 5532.21
-493.85, -87.01, 5478.83
-700.10, -47.55, 4396.46
-1230.59, 132.75, 4555.14
-1217.21, 142.04, 4520.72
-1386.93, 269.08, 3859.17
-864.99, 324.15, 3276.39
-746.83, 262.23, 3367.63
-644.72, 192.57, 3465.28
-693.38, 232.80, 3690.20
-227.93, 230.47, 3921.64
-293.11, 244.79, 3930.79
-527.83, -36.02, 3814.26
-597.99, 42.92, 3845.89
-597.39, 157.99, 3363.08
-461.73, 244.70, 3269.96
-393.30, 254.72, 3328.71
-377.13, 255.77, 3286.73
-154.42, 254.77, 3184.25
-484.00, 201.07, 3046.94
-441.24, 203.15, 2948.83
192.57, 254.28, 2955.64
152.76, 182.46, 2795.08
312.69, 246.76, 2426.81
138.62, 235.56, 2374.62
13.92, 259.50, 1672.68
305.80, 211.68, 1318.87
587.35, 184.72, 1168.82
648.45, 176.51, 1153.79
660.73, 267.80, 1374.86
670.11, 297.72, 1440.19
825.65, 320.53, 1570.05
847.06, 314.25, 1548.19
815.09, 270.07, 1343.66
839.90, 255.72, 1260.89
1056.83, 339.72, 1277.50
921.62, 381.99, 1371.18
939.54, 363.80, 1389.51
1020.98, 272.78, 1358.36
983.72, 338.01, 1464.40
1339.91, 274.37, 1552.83
1359.48, 231.67, 1377.85
1313.33, 232.16, 1143.24
1202.33, 247.85, 1037.90
1010.15, 284.04, 1037.62
916.14, 319.13, 1063.56
953.83, 255.58, 1004.92
984.47, 212.46, 700.58
1530.30, 230.72, 776.42
1561.86, 232.56, 718.17
2036.11, 241.66, -633.16
2173.37, 221.73, -467.31
2305.88, 250.42, -424.91
2388.14, 287.31, -333.09
2390.43, 247.87, 102.57
2435.38, 222.49, 188.23
2429.64, 227.73, 256.06
2554.47, 207.97, 102.94
2620.69, 187.36, 382.44
2577.33, 203.37, 364.97
2562.65, 202.28, 353.00
2515.26, 187.37, 348.71
2552.56, 182.62, 416.62
2820.40, 228.27, 531.07
2688.83, 190.63, 397.12
2669.53, 212.45, 245.42
2753.94, 219.68, 173.85
2751.29, 219.67, 144.26
2748.29, 209.00, 104.09
3010.27, 216.66, 127.68
