-3264.55, 203.13, -3936.36
-3196.57, 203.77, -3959.65
-2875.72, 201.00, -4145.07
-2740.24, 237.90, -4400.87
-2304.89, 147.72, -4814.28
-2255.58, 139.39, -4838.18
-2423.23, 243.94, -4450.19
-2355.97, 226.26, -4378.72
-2560.13, 203.01, -4086.17
-2199.16, 201.58, -4279.64
-2151.80, 201.33, -4276.19
1548.48, 335.80, -2087.94
1543.77, 334.01, -2068.06
1497.49, 266.69, -1739.23
1474.48, 266.50, -1724.55
1399.84, 259.08, -1681.34
1258.25, 270.40, -1601.57
1245.26, 269.31, -1583.80
1277.16, 270.97, -1595.28
1423.84, 268.91, -1648.94
1851.52, 195.95, -1553.03
2075.26, 223.16, -1644.25
2455.65, 309.72, -1668.82
2903.17, 229.64, -1751.95
2676.52, 264.66, -1418.60
2655.78, 247.47, -1331.79
2665.43, 237.15, -1169.45
2161.16, 227.01, -1351.32
1997.26, 217.54, -991.65
1980.03, 208.41, -757.79
1921.99, 220.66, -637.05
1695.31, 257.57, -726.84
1581.67, 210.59, -478.91
1582.02, 205.25, -454.85
1957.14, 232.46, -410.79
2174.78, 240.24, -415.30
2236.49, 235.87, -452.29
2256.18, 267.10, -319.12
2753.94, 253.39, -366.25
2716.52, 252.06, -299.08
2776.45, 234.46, -169.91
2940.07, 217.97, -99.36
2883.55, 216.77, 86.50
2743.43, 207.91, 84.16
2707.08, 207.78, 241.54
3024.01, 217.43, 275.77
2874.75, 212.37, 349.05
2734.72, 208.49, 324.81
2730.39, 208.78, 339.40
2682.80, 188.61, 420.12
2596.89, 181.35, 397.56
2589.75, 181.20, 380.38
2535.10, 182.70, 346.33
2624.94, 212.41, 494.33
2599.15, 216.31, 500.47
2524.20, 207.94, 453.93
2486.52, 214.02, 386.09
2498.47, 200.25, 327.29
2488.59, 209.48, 258.07
2616.49, 209.39, 232.82
2433.33, 227.24, 151.25
2318.17, 230.09, -102.94
2369.87, 286.94, -273.38
2299.91, 272.58, -230.12
2059.18, 218.43, -59.90
1730.46, 205.42, -79.89
1787.22, 201.54, 125.53
1606.89, 201.74, 318.38
1567.15, 204.03, 318.23
1333.77, 201.05, 443.45
1317.86, 201.57, 440.40
1395.45, 215.49, 594.55
1810.24, 208.13, 805.52
1490.20, 205.99, 1091.85
1522.44, 206.57, 1111.63
1416.44, 231.19, 1371.42
1094.01, 254.00, 1155.06
993.62, 308.17, 1159.05
847.35, 294.86, 1116.14
719.01, 226.03, 715.12
434.21, 202.00, 601.98
534.43, 202.35, -94.11
993.66, 262.52, -223.42
613.33, 297.60, -314.29
424.82, 200.96, -415.24
-242.69, 201.27, -1010.83
-299.22, 201.79, -594.10
195.22, 230.39, 161.63
98.88, 202.55, 618.59
219.49, 220.64, 832.76
358.01, 257.31, 723.52
348.47, 198.03, 811.75
389.45, 205.05, 786.16
447.77, 218.48, 1058.44
479.41, 234.48, 1123.47
497.09, 248.74, 1211.73
1137.66, 322.68, 1443.52
758.52, 325.09, 1453.49
699.20, 410.24, 1893.94
331.70, 303.75, 1826.18
106.83, 300.70, 1791.33
56.40, 258.88, 2090.56
27.89, 250.71, 2109.18
82.65, 261.16, 2115.29
53.15, 261.73, 2185.07
-47.34, 204.50, 2641.28
-147.79, 202.07, 2675.75
-463.25, 157.81, 2539.07
-631.25, 242.37, 3092.91
-651.89, 234.88, 3133.16
-691.16, 227.76, 3131.87
-622.61, 116.74, 3440.40
-128.18, 56.16, 3861.03
-699.20, 222.13, 3509.98
-1807.66, -7.34, 3227.61
-1832.89, -4.97, 3266.33
-1847.60, 324.82, 4046.48
-2132.91, 269.56, 4318.36
-2219.85, 276.19, 4387.40
-1406.06, 263.71, 3855.70
-1376.78, 265.51, 3841.10
-1301.31, 267.54, 3634.73
-879.27, 236.33, 3547.43
-685.71, 232.17, 3341.00
-673.07, 229.89, 3324.57
-820.00, 218.56, 3174.65
-1567.47, 122.05, 2116.44
-1583.20, 121.34, 2105.32
-1662.30, 130.88, 2086.31
-973.02, 232.60, 2311.58
-3718.88, 114.05, -853.43
-3979.44, 201.96, -1058.74
-3994.36, 202.45, -1047.75
-4029.91, 216.98, -677.17
-3768.78, 265.33, -2322.68
-3579.23, 200.73, -2728.35
-3557.23, 201.21, -2725.20
-3164.37, 206.20, -3233.20
-3328.51, 205.63, -3546.12
-3551.30, 215.36, -3415.08
-3537.71, 208.97, -3404.76
-3523.72, 213.83, -3233.35
-3848.56, 256.97, -3159.96
-4143.43, 206.33, -2954.98
-4396.83, 217.64, -3795.14
-4515.21, 201.05, -3738.18
-4756.03, 221.53, -3989.47
-5003.09, 201.72, -4087.20
-4837.61, 203.16, -4615.57
-4773.73, 202.69, -4726.46
-6271.58, 201.04, -2376.76
47.27, 260.31, 2215.88
-73.68, 242.83, 2696.68
-670.36, 247.88, 3090.84
-722.22, 223.31, 3539.42
-1530.21, 205.34, 2756.65
-1601.53, 210.01, 2749.23
-1817.73, -7.27, 3222.57
-1815.24, -6.88, 3249.95
-1807.89, 296.76, 4032.36
-1911.20, 383.86, 4251.57
-1310.58, 276.93, 3679.87
-912.41, 243.63, 3576.14
-808.32, 219.55, 3184.29
-800.41, 218.89, 3167.89
-792.80, 192.32, 3133.76
-801.66, 193.53, 3113.80
-1029.61, 243.49, 2918.11
-1609.20, 128.36, 2079.53
-1449.20, 277.30, 2206.42
-947.31, 209.08, 2243.78
-569.11, 230.80, 1508.23
-848.31, 156.97, 1242.59
-3665.82, 200.19, -537.57
-3742.11, 128.69, -761.37
-3730.46, 129.40, -771.42
-3583.64, 170.15, -826.65
-3593.16, 201.13, -2708.68
-3323.30, 218.21, -3444.87
-3433.16, 201.68, -3085.10
-3439.12, 204.57, -3069.54
-3823.72, 241.14, -3199.13
-4440.71, 163.37, -3828.49
-4525.49, 201.29, -3723.19
-4528.25, 201.00, -3740.45
-4865.70, 206.37, -3969.64
-4724.91, 202.66, -4664.55
